0.12207	28.64313
0.24414	16.69596
0.36621	10.08152
0.48828	2.60284
0.61035	-1.15215
0.73242	-3.94695
0.85449	-6.41476
0.97656	-6.84555
1.09863	-7.08657
1.2207	-10.47114
1.34277	-15.40285
1.46484	-14.48297
1.58691	-10.05715
1.70898	-7.47889
1.83105	-8.71315
1.95313	-14.08319
2.0752	-16.63232
2.19727	-14.07143
2.31934	-12.65963
2.44141	-14.68673
2.56348	-19.46135
2.68555	-22.85221
2.80762	-25.24908
2.92969	-20.75054
3.05176	-18.24766
3.17383	-19.56431
3.2959	-24.27237
3.41797	-22.48339
3.54004	-20.27766
3.66211	-22.37712
3.78418	-27.92407
3.90625	-24.81325
4.02832	-21.51752
4.15039	-23.47014
4.27246	-24.61561
4.39453	-25.30126
4.5166	-27.92632
4.63867	-25.01831
4.76074	-23.46832
4.88281	-27.37468
5.00488	-34.29178
5.12695	-34.2071
5.24902	-27.51484
5.37109	-24.28086
5.49316	-25.86366
5.61523	-23.80856
5.7373	-21.0439
5.85938	-19.2689
5.98145	-19.57147
6.10352	-23.08648
6.22559	-29.95524
6.34766	-30.36496
6.46973	-29.34276
6.5918	-29.9402
6.71387	-27.13047
6.83594	-28.02187
6.95801	-32.46763
7.08008	-39.30955
7.20215	-31.87938
7.32422	-28.24485
7.44629	-29.95237
7.56836	-30.62864
7.69043	-27.25757
7.8125	-27.71187
7.93457	-28.94597
8.05664	-28.01437
8.17871	-28.20384
8.30078	-32.07772
8.42285	-34.88558
8.54492	-29.50147
8.66699	-25.78535
8.78906	-25.74222
8.91113	-29.03111
9.0332	-29.37857
9.15527	-30.03606
9.27734	-32.57934
9.39941	-33.46897
9.52148	-32.09353
9.64355	-31.21055
9.76563	-31.85485
9.8877	-24.56045
10.0098	-22.05069
10.1318	-25.74243
10.2539	-26.96359
10.376	-27.35448
10.498	-30.08416
10.6201	-35.89357
10.7422	-39.54408
10.8643	-37.14346
10.9863	-35.26495
11.1084	-38.97683
11.2305	-40.61809
11.3525	-38.47775
11.4746	-39.68777
11.5967	-38.68611
11.7188	-32.26849
11.8408	-29.60682
11.9629	-32.53575
12.085	-35.12274
12.207	-33.01693
12.3291	-37.30134
12.4512	-40.58537
12.5732	-33.99685
12.6953	-31.81128
12.8174	-33.15854
12.9395	-37.85628
13.0615	-37.01473
13.1836	-36.77216
13.3057	-38.60433
13.4277	-38.51899
13.5498	-41.91952
13.6719	-45.92493
13.7939	-47.73066
13.916	-41.75134
14.0381	-36.88845
14.1602	-35.55259
14.2822	-32.999
14.4043	-31.76179
14.5264	-31.7528
14.6484	-30.84357
14.7705	-31.16263
14.8926	-33.61528
15.0146	-35.39122
15.1367	-36.79621
15.2588	-37.63033
15.3809	-33.41925
15.5029	-31.70055
15.625	-33.04454
15.7471	-36.96909
15.8691	-40.4286
15.9912	-43.34084
16.1133	-43.85375
16.2354	-36.47001
16.3574	-24.46442
16.4795	-16.28598
16.6016	-14.92723
16.7236	-20.51758
16.8457	-32.31038
16.9678	-35.07176
17.0898	-39.58478
17.2119	-45.63192
17.334	-43.18279
17.4561	-37.20553
17.5781	-37.67171
17.7002	-42.34134
17.8223	-40.10805
17.9443	-38.17417
18.0664	-40.32617
18.1885	-39.16762
18.3105	-39.20804
18.4326	-43.47549
18.5547	-43.30942
18.6768	-38.87446
18.7988	-38.98392
18.9209	-41.92111
19.043	-39.76629
19.165	-35.81193
19.2871	-34.76175
19.4092	-37.87979
19.5313	-42.16162
19.6533	-40.84578
19.7754	-38.67125
19.8975	-35.85556
20.0195	-35.8616
20.1416	-39.08345
20.2637	-38.6303
20.3857	-39.29978
20.5078	-37.8465
20.6299	-36.1401
20.752	-39.69554
20.874	-37.74742
20.9961	-37.69225
21.1182	-42.84014
21.2402	-42.31398
21.3623	-35.77289
21.4844	-35.71655
21.6064	-37.54132
21.7285	-37.896
21.8506	-39.13821
21.9727	-38.8162
22.0947	-40.16954
22.2168	-43.50992
22.3389	-41.39976
22.4609	-40.37111
22.583	-39.13059
22.7051	-39.0128
22.8271	-40.3646
22.9492	-41.81614
23.0713	-44.59619
23.1934	-46.41765
23.3154	-50.35543
23.4375	-48.88979
23.5596	-43.32588
23.6816	-41.6892
23.8037	-39.99354
23.9258	-39.64993
24.0479	-36.55449
24.1699	-22.08199
24.292	-15.87
24.4141	-16.65434
24.5361	-24.37038
24.6582	-37.16023
24.7803	-40.35455
24.9023	-41.97878
25.0244	-46.38973
25.1465	-54.99255
25.2686	-56.33984
25.3906	-60.29156
25.5127	-55.62964
25.6348	-49.44473
25.7568	-48.49821
25.8789	-45.27029
26.001	-43.77663
26.123	-39.01371
26.2451	-35.58533
26.3672	-36.73688
26.4893	-40.9103
26.6113	-43.94288
26.7334	-46.1463
26.8555	-42.52882
26.9775	-39.74604
27.0996	-39.72059
27.2217	-39.91839
27.3438	-44.23752
27.4658	-47.56284
27.5879	-43.93844
27.71	-40.49613
27.832	-41.02229
27.9541	-44.33518
28.0762	-45.39608
28.1982	-46.41561
28.3203	-44.27184
28.4424	-44.70315
28.5645	-47.29206
28.6865	-49.24579
28.8086	-47.11902
28.9307	-49.11363
29.0527	-45.77535
29.1748	-43.60109
29.2969	-46.436
29.4189	-49.50591
29.541	-49.71828
29.6631	-48.88394
29.7852	-50.70698
29.9072	-47.04429
30.0293	-42.58187
30.1514	-40.51226
30.2734	-40.0652
30.3955	-39.48283
30.5176	-40.22903
30.6396	-41.76887
30.7617	-41.9504
30.8838	-46.80011
31.0059	-54.96572
31.1279	-48.23841
31.25	-45.12101
31.3721	-47.17155
31.4941	-50.96815
31.6162	-44.26385
31.7383	-42.1278
31.8604	-46.55313
31.9824	-44.91067
32.1045	-42.4391
32.2266	-42.96007
32.3486	-42.59897
32.4707	-41.44991
32.5928	-41.23557
32.7148	-44.52526
32.8369	-43.38172
32.959	-28.4095
33.0811	-21.72723
33.2031	-22.08258
33.3252	-29.56379
33.4473	-44.44715
33.5693	-49.49985
33.6914	-48.04388
33.8135	-44.25363
33.9355	-45.80182
34.0576	-47.53219
34.1797	-42.36581
34.3018	-38.65152
34.4238	-38.88231
34.5459	-41.67639
34.668	-44.25285
34.79	-45.04771
34.9121	-47.17124
35.0342	-47.63077
35.1563	-50.25384
35.2783	-43.26969
35.4004	-39.88371
35.5225	-39.03173
35.6445	-37.87972
35.7666	-40.44345
35.8887	-43.32462
36.0107	-44.57116
36.1328	-40.80243
36.2549	-37.598
36.377	-34.1583
36.499	-28.22557
36.6211	-27.04928
36.7432	-32.30505
36.8652	-44.8807
36.9873	-43.31019
37.1094	-38.13548
37.2314	-37.49957
37.3535	-40.84992
37.4756	-43.20069
37.5977	-41.5298
37.7197	-42.5633
37.8418	-44.3611
37.9639	-46.77615
38.0859	-47.22734
38.208	-44.4859
38.3301	-43.97858
38.4521	-47.60444
38.5742	-48.71968
38.6963	-46.48353
38.8184	-45.15861
38.9404	-45.12707
39.0625	-48.25275
39.1846	-54.19461
39.3066	-53.28679
39.4287	-51.77331
39.5508	-48.36653
39.6729	-47.7054
39.7949	-48.32003
39.917	-45.22462
40.0391	-44.09877
40.1611	-46.91795
40.2832	-49.30789
40.4053	-44.50123
40.5273	-42.9164
40.6494	-45.58246
40.7715	-48.55413
40.8936	-48.53894
41.0156	-50.605
41.1377	-49.47843
41.2598	-48.57522
41.3818	-48.04819
41.5039	-48.42067
41.626	-47.9288
41.748	-45.72589
41.8701	-46.12754
41.9922	-51.40323
42.1143	-53.0453
42.2363	-53.37616
42.3584	-49.23267
42.4805	-48.217
42.6025	-49.30022
42.7246	-47.44364
42.8467	-46.2749
42.9688	-48.39271
43.0908	-47.29435
43.2129	-45.99605
43.335	-47.47279
43.457	-49.11994
43.5791	-48.79155
43.7012	-45.97018
43.8232	-45.33001
43.9453	-48.89363
44.0674	-52.58064
44.1895	-51.47583
44.3115	-54.71584
44.4336	-58.96709
44.5557	-54.88117
44.6777	-51.41252
44.7998	-50.72479
44.9219	-49.01399
45.0439	-46.09192
45.166	-45.79206
45.2881	-45.30399
45.4102	-46.95012
45.5322	-50.15422
45.6543	-49.04863
45.7764	-47.88417
45.8984	-46.62556
46.0205	-47.51881
46.1426	-52.79808
46.2646	-58.68287
46.3867	-54.61364
46.5088	-51.31455
46.6309	-50.0262
46.7529	-44.55157
46.875	-41.464
46.9971	-41.59831
47.1191	-43.85498
47.2412	-43.50705
47.3633	-43.53542
47.4854	-48.07906
47.6074	-47.57808
47.7295	-44.03145
47.8516	-45.95274
47.9736	-48.25611
48.0957	-48.11356
48.2178	-46.20711
48.3398	-44.70627
48.4619	-40.27155
48.584	-32.55598
48.7061	-31.04322
48.8281	-34.02821
49.8047	-33.44177
50.7813	-37.88484
51.7578	-44.53538
52.7344	-42.53994
53.7109	-41.25883
54.6875	-43.7495
55.6641	-46.28444
56.6406	-46.76475
57.6172	-42.18611
58.5938	-28.48591
59.5703	-22.16205
60.5469	-22.62662
61.5234	-29.89156
62.5	-39.98822
63.4766	-40.91074
64.4531	-43.03063
65.4297	-38.99854
66.4063	-37.11646
67.3828	-41.5
68.3594	-50.20316
69.3359	-47.51594
70.3125	-45.40325
71.2891	-46.24621
72.2656	-42.46629
73.2422	-40.28988
74.2188	-43.20948
75.1953	-48.55574
76.1719	-48.45616
77.1484	-48.8549
78.125	-50.38111
79.1016	-51.47677
80.0781	-53.26488
81.0547	-48.37849
82.0313	-40.56872
83.0078	-38.51961
83.9844	-42.3488
84.9609	-48.52273
85.9375	-49.59211
86.9141	-48.80829
87.8906	-50.92205
88.8672	-52.7172
89.8438	-52.93559
90.8203	-53.85851
91.7969	-52.19343
92.7734	-50.6097
93.75	-51.23569
94.7266	-48.55058
95.7031	-45.66461
96.6797	-44.77093
97.6563	-44.33496
98.6328	-41.93437
99.6094	-40.63827
100.586	-45.19729
101.563	-53.73009
102.539	-51.29086
103.516	-49.47416
104.492	-52.27198
105.469	-54.58703
106.445	-54.52593
107.422	-54.75228
108.398	-50.95033
109.375	-45.48981
110.352	-44.99086
111.328	-50.15311
112.305	-57.59601
113.281	-57.27137
114.258	-52.41307
115.234	-46.26645
116.211	-45.12272
117.188	-48.12345
118.164	-32.77944
119.141	-22.95577
120.117	-20.375
121.094	-24.4787
122.07	-36.12513
123.047	-51.91022
124.023	-50.75005
125	-47.13767
125.977	-47.64039
126.953	-50.35314
127.93	-52.60106
128.906	-54.36623
129.883	-55.25495
130.859	-53.04458
131.836	-47.02984
132.813	-45.59467
133.789	-50.0385
134.766	-53.88809
135.742	-53.06882
136.719	-53.3898
137.695	-55.67995
138.672	-57.88149
139.648	-56.19621
140.625	-55.21021
141.602	-57.51631
142.578	-57.22321
143.555	-55.2247
144.531	-52.97884
145.508	-49.42142
146.484	-48.06842
147.461	-50.5191
148.438	-49.31823
149.414	-48.51676
150.391	-53.52976
151.367	-59.40079
152.344	-54.68254
153.32	-52.92713
154.297	-55.67509
155.273	-56.97043
156.25	-56.3135
157.227	-56.08543
158.203	-56.2744
159.18	-56.56894
160.156	-58.44467
161.133	-59.97914
162.109	-60.33732
163.086	-59.85448
164.063	-57.45461
165.039	-52.30281
166.016	-51.53092
166.992	-56.6088
167.969	-60.82214
168.945	-55.47509
169.922	-53.93774
170.898	-57.32113
171.875	-59.85767
172.852	-59.33072
173.828	-60.02048
174.805	-61.46849
175.781	-59.78828
176.758	-58.45474
177.734	-56.63289
178.711	-48.17286
179.688	-42.59357
180.664	-43.50491
181.641	-50.07795
182.617	-52.55274
183.594	-53.11647
184.57	-56.8725
185.547	-59.08202
186.523	-54.65916
187.5	-51.20626
188.477	-51.81583
189.453	-54.44768
190.43	-56.30318
191.406	-58.70531
192.383	-61.11308
193.359	-59.79299
194.336	-57.97296
195.313	-57.21104
196.289	-57.71292
197.266	-58.22641
198.242	-56.12916
199.219	-55.56036
200.195	-58.83655
201.172	-61.97145
202.148	-59.744
203.125	-58.2337
204.102	-58.66929
205.078	-61.15072
206.055	-65.30764
207.031	-65.33106
208.008	-64.67229
208.984	-63.21367
209.961	-63.30121
210.938	-63.71784
211.914	-62.84662
212.891	-61.54016
213.867	-61.57401
214.844	-59.40878
215.82	-58.69559
216.797	-60.71032
217.773	-57.60381
218.75	-54.46777
219.727	-54.75928
220.703	-57.42591
221.68	-61.29183
222.656	-63.29962
223.633	-64.58998
224.609	-66.21526
225.586	-66.65866
226.563	-66.15528
227.539	-65.01671
228.516	-64.40131
229.492	-63.39177
230.469	-63.35811
231.445	-63.15375
232.422	-63.4902
233.398	-65.89015
234.375	-65.34438
235.352	-62.8582
236.328	-62.24152
237.305	-59.78445
238.281	-44.57458
239.258	-35.61448
240.234	-33.69787
241.211	-38.47199
242.188	-50.90693
243.164	-65.39367
244.141	-64.71707
245.117	-62.76446
246.094	-62.33453
247.07	-62.70404
248.047	-61.86228
249.023	-59.49756
250	-56.72707
250.977	-56.88437
251.953	-57.89413
252.93	-58.91546
253.906	-60.17774
254.883	-60.36984
255.859	-61.19089
256.836	-61.47093
257.813	-64.12616
258.789	-67.03993
259.766	-63.63316
260.742	-61.97832
261.719	-63.88635
262.695	-64.94171
263.672	-63.82158
264.648	-63.28924
265.625	-64.11499
266.602	-61.94793
267.578	-60.9978
268.555	-62.42878
269.531	-63.09527
270.508	-64.0439
271.484	-66.30351
272.461	-67.28132
273.438	-67.12426
274.414	-67.80783
275.391	-66.73924
276.367	-65.4412
277.344	-63.9667
278.32	-64.87324
279.297	-65.58571
280.273	-65.2162
281.25	-62.82407
282.227	-62.91887
283.203	-66.59414
284.18	-68.84062
285.156	-68.39417
286.133	-67.54783
287.109	-64.97279
288.086	-64.60837
289.063	-65.29628
290.039	-64.767
291.016	-65.06078
291.992	-65.96592
292.969	-66.60051
293.945	-66.91749
294.922	-67.06979
295.898	-66.81627
296.875	-66.13347
297.852	-60.96454
298.828	-50.39223
299.805	-45.49357
300.781	-47.16219
301.758	-55.49806
302.734	-63.92791
303.711	-65.43753
304.688	-67.01761
305.664	-67.66274
306.641	-67.84332
307.617	-66.10119
308.594	-64.56479
309.57	-65.04493
310.547	-65.19578
311.523	-62.34208
312.5	-59.20611
313.477	-59.97988
314.453	-62.86435
315.43	-63.69092
316.406	-65.42867
317.383	-66.97825
318.359	-67.0931
319.336	-66.87278
320.313	-66.99927
321.289	-65.23832
322.266	-63.59491
323.242	-64.3326
324.219	-66.76939
325.195	-68.24775
326.172	-67.65645
327.148	-66.11847
328.125	-67.96113
329.102	-70.46221
330.078	-66.3723
331.055	-63.08781
332.031	-64.57149
333.008	-68.83023
333.984	-69.34955
334.961	-69.80999
335.938	-69.86469
336.914	-68.5964
337.891	-68.5216
338.867	-67.38251
339.844	-65.0322
340.82	-64.84544
341.797	-65.24072
342.773	-66.04745
343.75	-68.47689
344.727	-69.91262
345.703	-70.76619
346.68	-68.95042
347.656	-65.2825
348.633	-64.65426
349.609	-63.84954
350.586	-65.20842
351.563	-69.14245
352.539	-71.18908
353.516	-71.28365
354.492	-70.2199
355.469	-69.03852
356.445	-69.4151
357.422	-69.9739
358.398	-57.58597
359.375	-49.71347
360.352	-48.59054
361.328	-54.06433
362.305	-65.32938
363.281	-66.19938
364.258	-62.98899
365.234	-63.6825
366.211	-65.49307
367.188	-66.30993
368.164	-64.13994
369.141	-63.33984
370.117	-66.37307
371.094	-70.15884
372.07	-68.506
373.047	-66.37099
374.023	-64.91794
375	-61.84802
375.977	-62.50557
376.953	-66.49086
377.93	-68.19488
378.906	-69.49314
379.883	-67.4224
380.859	-64.7166
381.836	-65.81481
382.813	-68.03593
383.789	-66.58817
384.766	-64.27022
385.742	-64.87428
386.719	-67.37153
387.695	-66.34099
388.672	-65.26338
389.648	-66.20825
390.625	-67.56464
391.602	-68.12725
392.578	-69.18955
393.555	-69.92256
394.531	-70.37914
395.508	-68.86607
396.484	-67.78803
397.461	-66.85103
398.438	-67.61318
399.414	-70.47422
400.391	-70.16619
401.367	-67.56508
402.344	-66.28095
403.32	-67.18392
404.297	-68.68656
405.273	-69.79522
406.25	-67.83474
407.227	-67.35584
408.203	-69.75782
409.18	-72.20682
410.156	-71.03985
411.133	-70.40202
412.109	-68.29424
413.086	-66.01004
414.063	-65.86006
415.039	-67.43857
416.016	-68.09397
416.992	-70.04281
417.969	-69.24
418.945	-59.87659
419.922	-55.89287
420.898	-58.12372
421.875	-64.39966
422.852	-68.33549
423.828	-69.57256
424.805	-67.82284
425.781	-68.09559
426.758	-69.9793
427.734	-70.02853
428.711	-69.35456
429.688	-68.63352
430.664	-68.26518
431.641	-68.78462
432.617	-70.00953
433.594	-71.46371
434.57	-69.71941
435.547	-68.43366
436.523	-65.13118
437.5	-61.56408
438.477	-61.31892
437.5	-67.07908
441.406	-67.85593
445.313	-69.20245
449.219	-69.26066
453.125	-69.92968
457.031	-70.80384
460.938	-71.14823
464.844	-71.90354
468.75	-73.16387
472.656	-67.78565
476.563	-59.12024
480.469	-56.78053
484.375	-60.91944
488.281	-70.09654
492.188	-71.74147
496.094	-70.6989
500	-71.16681
503.906	-72.26331
507.813	-72.80663
511.719	-72.07945
515.625	-72.72757
519.531	-73.71031
523.438	-74.09288
527.344	-73.30492
531.25	-72.49885
535.156	-69.81675
539.063	-66.4463
542.969	-67.87893
546.875	-71.68642
550.781	-73.88837
554.688	-74.91399
558.594	-74.01657
562.5	-73.09522
566.406	-74.1666
570.313	-77.16018
574.219	-77.04305
578.125	-73.74473
582.031	-73.41518
585.938	-76.02498
589.844	-77.39382
593.75	-71.80683
597.656	-65.70206
601.563	-65.31182
605.469	-70.70661
609.375	-73.87857
613.281	-71.31182
617.188	-71.37285
621.094	-73.06803
625	-73.15775
628.906	-73.58226
632.813	-75.56452
636.719	-76.67041
640.625	-77.27029
644.531	-77.29369
648.438	-77.11687
652.344	-77.10435
656.25	-74.36933
660.156	-72.25134
664.063	-74.08995
667.969	-76.83368
671.875	-76.44925
675.781	-75.03559
679.688	-75.00335
683.594	-75.58815
687.5	-76.41371
691.406	-77.31544
695.313	-77.65835
699.219	-76.51934
703.125	-76.43249
707.031	-77.59182
710.938	-76.96357
714.844	-72.10176
718.75	-67.81
722.656	-68.5685
726.563	-70.32038
730.469	-66.52174
734.375	-62.95804
738.281	-63.03941
742.188	-67.00096
746.094	-71.32095
750	-72.05421
753.906	-73.67502
757.813	-76.66553
761.719	-78.46227
765.625	-78.45965
769.531	-76.78116
773.438	-75.67276
777.344	-76.39851
781.25	-76.90064
785.156	-77.70242
789.063	-78.88027
792.969	-79.14656
796.875	-78.76591
800.781	-78.90832
804.688	-78.91532
808.594	-77.61097
812.5	-76.55923
816.406	-77.4534
820.313	-78.90592
824.219	-79.43519
828.125	-80.21117
832.031	-79.47007
835.938	-73.47839
839.844	-70.42038
843.75	-73.34752
847.656	-79.35531
851.563	-78.64265
855.469	-76.62458
859.375	-77.12862
863.281	-78.8613
867.188	-79.95883
871.094	-79.66859
875	-77.37916
878.906	-76.86516
882.813	-78.10898
886.719	-79.91116
890.625	-81.76022
894.531	-82.10394
898.438	-80.619
902.344	-80.22748
906.25	-80.74121
910.156	-80.6551
914.063	-80.87455
917.969	-81.3114
921.875	-81.36003
925.781	-80.96754
929.688	-81.02761
933.594	-81.45796
937.5	-79.4893
941.406	-77.84975
945.313	-78.262
949.219	-78.95043
953.125	-78.22176
957.031	-74.62962
960.938	-73.64785
964.844	-77.5165
968.75	-81.55552
972.656	-81.56693
976.563	-80.87856
980.469	-81.07198
984.375	-81.41812
988.281	-80.90571
992.188	-80.65188
996.094	-79.69823
1000	-76.98649
1003.91	-76.6147
1007.81	-78.56507
1011.72	-78.51049
1015.63	-76.95066
1019.53	-75.26124
1023.44	-74.55366
1027.34	-74.02226
1031.25	-74.64319
1035.16	-75.0935
1039.06	-75.0262
1042.97	-74.85891
1046.88	-73.38624
1050.78	-72.48369
1054.69	-73.53309
1058.59	-73.71214
1062.5	-71.60401
1066.41	-70.62462
1070.31	-70.8445
1074.22	-70.45872
1078.13	-70.6078
1082.03	-72.08553
1085.94	-73.01641
1089.84	-72.78884
1093.75	-72.55536
1097.66	-73.18605
1101.56	-75.04537
1105.47	-75.86398
1109.38	-75.54187
1113.28	-76.16029
1117.19	-76.71989
1121.09	-76.60316
1125	-77.20369
1128.91	-77.41609
1132.81	-77.63416
1136.72	-77.78167
1140.63	-77.65274
1144.53	-78.06455
1148.44	-78.65858
1152.34	-79.14663
1156.25	-79.16428
1160.16	-79.07011
1164.06	-78.80528
1167.97	-77.71729
1171.88	-76.82323
1175.78	-76.54046
1179.69	-76.02837
1183.59	-75.5455
1187.5	-75.31545
1191.41	-75.29694
1195.31	-74.59038
1199.22	-73.12534
1203.13	-74.31774
1207.03	-76.25667
1210.94	-75.37931
1214.84	-73.62574
1218.75	-72.85403
1222.66	-72.6349
1226.56	-72.78602
1230.47	-72.2316
1234.38	-70.97738
1238.28	-70.06404
1242.19	-69.72692
1246.09	-69.71885
1250	-70.01059
1253.91	-70.49042
1257.81	-71.59335
1261.72	-72.90204
1265.63	-74.52811
1269.53	-75.9365
1273.44	-76.90392
1277.34	-78.03581
1281.25	-79.20885
1285.16	-80.02316
1289.06	-80.91374
1292.97	-82.56278
1296.88	-83.48855
1300.78	-82.89728
1304.69	-82.65875
1308.59	-82.26721
1312.5	-81.12309
1316.41	-79.81427
1320.31	-79.3402
1324.22	-81.50013
1328.13	-83.49535
1332.03	-84.64381
1335.94	-84.81622
1339.84	-84.22418
1343.75	-83.99667
1347.66	-83.58091
1351.56	-82.8064
1355.47	-81.7614
1359.38	-81.25137
1363.28	-81.09398
1367.19	-81.46573
1371.09	-81.88438
1375	-81.63277
1378.91	-80.99304
1382.81	-81.98178
1386.72	-82.98817
1390.63	-83.824
1394.53	-85.28288
1398.44	-85.58941
1402.34	-85.59597
1406.25	-86.51382
1410.16	-87.06119
1414.06	-87.61432
1417.97	-87.52655
1421.88	-86.20408
1425.78	-85.99265
1429.69	-86.57498
1433.59	-85.83429
1437.5	-82.18326
1441.41	-81.38372
1445.31	-84.19993
1449.22	-86.14595
1453.13	-87.46871
1457.03	-88.99711
1460.94	-89.60836
1464.84	-89.08468
1468.75	-88.9726
1472.66	-88.55471
1476.56	-88.41895
1480.47	-88.90049
1484.38	-89.59954
1488.28	-90.36899
1492.19	-90.05665
1496.09	-89.50312
1500	-88.73204
1503.91	-88.33719
1507.81	-89.71195
1511.72	-91.57472
1515.63	-91.65593
1519.53	-90.43767
1523.44	-89.18412
1527.34	-90.24695
1531.25	-91.22751
1535.16	-91.44369
1539.06	-91.26578
1542.97	-91.6112
1546.88	-91.95063
1550.78	-91.03177
1554.69	-87.60235
1558.59	-83.5849
1562.5	-84.34159
1566.41	-88.76703
1570.31	-91.34027
1574.22	-92.3614
1578.13	-93.20605
1582.03	-94.39752
1585.94	-94.11905
1589.84	-93.28196
1593.75	-92.80945
1597.66	-91.92524
1601.56	-91.49368
1605.47	-90.5271
1609.38	-90.58935
1613.28	-91.22774
1617.19	-90.63726
1621.09	-90.79927
1625	-92.41942
1628.91	-92.94591
1632.81	-93.75451
1636.72	-94.89236
1640.63	-94.23105
1644.53	-93.72251
1648.44	-93.97237
1652.34	-93.91649
1656.25	-94.11336
1660.16	-93.55768
1664.06	-93.05476
1667.97	-93.61011
1671.88	-93.17187
1675.78	-88.32975
1679.69	-85.35729
1683.59	-87.55284
1687.5	-92.18246
1691.41	-93.40199
1695.31	-94.33914
1699.22	-94.8001
1703.13	-93.3208
1707.03	-93.54057
1710.94	-95.13026
1714.84	-96.34353
1718.75	-96.22219
1722.66	-94.90727
1726.56	-94.82695
1730.47	-94.6937
1734.38	-93.88427
1738.28	-93.24526
1742.19	-93.28236
1746.09	-94.13671
1750	-94.45005
1753.91	-94.96334
1757.81	-95.41182
1761.72	-95.1489
1765.63	-95.03872
1769.53	-95.08143
1773.44	-95.2652
1777.34	-95.96627
1781.25	-96.30283
1785.16	-96.08668
1789.06	-95.79397
1792.97	-94.3607
1796.88	-88.74705
1800.78	-87.01378
1804.69	-90.20753
1808.59	-94.22432
1812.5	-95.85991
1816.41	-95.82573
1820.31	-94.81543
1824.22	-93.93445
1828.13	-95.01137
1832.03	-96.09401
1835.94	-96.50056
1839.84	-96.63068
1843.75	-96.4198
1847.66	-96.47934
1851.56	-95.86855
1855.47	-93.32924
1859.38	-91.35438
1863.28	-92.54254
1867.19	-94.57745
1871.09	-95.90668
1875	-96.889
1878.91	-96.2015
1882.81	-95.63156
1886.72	-96.06112
1890.63	-96.67293
1894.53	-96.45563
1898.44	-97.12615
1902.34	-96.36786
1906.25	-95.52726
1910.16	-95.99184
1914.06	-92.31724
1917.97	-87.25508
1921.88	-87.24335
1925.78	-91.36481
1929.69	-90.91796
1933.59	-90.6944
1937.5	-92.90496
1941.41	-93.7926
1945.31	-94.21572
1949.22	-95.35612
1953.13	-96.27898
1957.03	-96.23159
1960.94	-97.21314
1964.84	-97.58902
1968.75	-97.00656
1972.66	-96.97673
1976.56	-95.7768
1980.47	-94.7533
1984.38	-95.56999
1988.28	-95.73401
1992.19	-95.46296
1996.09	-95.84444
2000	-94.10939
2031.25	-92.5094
2062.5	-90.41352
2093.75	-91.89624
2125	-94.65873
2156.25	-91.75744
2187.5	-90.54169
2218.75	-94.09835
2250	-98.39995
2281.25	-97.75524
2312.5	-97.5263
2343.75	-99.07732
2375	-100.42097
2406.25	-100.53431
2437.5	-100.56387
2468.75	-100.46266
2500	-100.42471
2531.25	-100.78521
2562.5	-101.8029
2593.75	-102.51355
2625	-102.71141
2656.25	-103.29022
2687.5	-104.17945
2718.75	-103.97389
2750	-102.39728
2781.25	-102.20121
2812.5	-103.67382
2843.75	-104.61621
2875	-103.68198
2906.25	-104.29303
2937.5	-105.638
2968.75	-105.46509
3000	-104.63859
3031.25	-105.37509
3062.5	-106.30469
3093.75	-106.09276
3125	-105.97399
3156.25	-106.69515
3187.5	-106.66873
3218.75	-106.2946
3250	-106.48997
3281.25	-106.97849
3312.5	-106.843
3343.75	-106.93604
3375	-107.48689
3406.25	-108.0429
3437.5	-108.09254
3468.75	-107.68873
3500	-107.77222
3531.25	-108.82513
3562.5	-109.11889
3593.75	-108.94162
3625	-109.89257
3656.25	-110.29605
3687.5	-109.69353
3718.75	-109.09037
3750	-109.29796
3781.25	-109.92239
3812.5	-109.75838
3843.75	-110.02297
3875	-110.7456
3906.25	-110.77388
3937.5	-110.42532
3968.75	-110.25258
4000	-110.30861
4031.25	-110.72276
4062.5	-111.72432
4093.75	-111.76114
4125	-112.07966
4156.25	-112.50938
4187.5	-111.89796
4218.75	-111.70935
4250	-112.00239
4281.25	-112.11857
4312.5	-112.56943
4343.75	-112.93162
4375	-112.62899
4406.25	-112.30239
4437.5	-112.27519
4468.75	-112.35931
4500	-112.58994
4531.25	-113.35521
4562.5	-113.57914
4593.75	-113.62041
4625	-114.10223
4656.25	-114.54836
4687.5	-114.18863
4718.75	-114.40468
4750	-114.76145
4781.25	-114.87094
4812.5	-115.25636
4843.75	-115.57675
4875	-115.51458
4906.25	-115.28159
4937.5	-114.87182
4968.75	-114.91446
5000	-114.51577
5031.25	-114.23431
5062.5	-115.14019
5093.75	-115.58715
5125	-115.89852
5156.25	-116.36834
5187.5	-116.82606
5218.75	-116.82488
5250	-116.74691
5281.25	-116.56871
5312.5	-116.48428
5343.75	-116.39954
5375	-116.83777
5406.25	-116.99937
5437.5	-117.14306
5468.75	-117.07476
5500	-117.27668
5531.25	-117.46065
5562.5	-117.5326
5593.75	-117.45732
5625	-117.5699
5656.25	-117.67634
5687.5	-117.91186
5718.75	-118.13535
5750	-117.85296
5781.25	-117.78784
5812.5	-118.05758
5843.75	-117.72147
5875	-117.26167
5906.25	-117.67179
5937.5	-118.21097
5968.75	-118.08555
6000	-117.04269
6031.25	-117.25782
6062.5	-118.09592
6093.75	-118.98081
6125	-118.8072
6156.25	-119.23303
6187.5	-119.79977
6218.75	-119.98411
6250	-119.58025
6281.25	-119.69946
6312.5	-119.74792
6343.75	-119.61388
6375	-119.55608
6406.25	-119.31578
6437.5	-119.55154
6468.75	-119.91642
6500	-120.02827
6531.25	-120.03997
6562.5	-119.90448
6593.75	-119.78056
6625	-119.70935
6656.25	-120.00836
6687.5	-120.00142
6718.75	-119.04774
6750	-118.47599
6781.25	-118.82714
6812.5	-119.77784
6843.75	-120.29323
6875	-119.40326
6906.25	-118.3367
6937.5	-118.74575
6968.75	-118.89002
7000	-116.84693
7031.25	-115.55627
7062.5	-117.2228
7093.75	-119.30072
7125	-119.8792
7156.25	-119.84018
7187.5	-120.8299
7218.75	-121.47255
7250	-120.7451
7281.25	-120.8583
7312.5	-121.65919
7343.75	-121.78965
7375	-121.51433
7406.25	-121.58566
7437.5	-121.19831
7468.75	-120.88719
7500	-120.30547
7531.25	-120.17044
7562.5	-120.93482
7593.75	-121.51089
7625	-121.32836
7656.25	-121.24564
7687.5	-121.27451
7718.75	-120.43891
7750	-119.37978
7781.25	-119.39053
7812.5	-119.14247
7843.75	-117.15979
7875	-115.60621
7906.25	-116.47482
7937.5	-115.7088
7968.75	-112.15574
8000	-110.73094
8031.25	-113.25702
8062.5	-116.56494
8093.75	-117.34454
8125	-117.40085
8156.25	-119.70884
8187.5	-121.5699
8218.75	-120.92026
8250	-121.0172
8281.25	-122.21345
8312.5	-123.03331
8343.75	-123.22393
8375	-123.49677
8406.25	-123.65772
8437.5	-123.49522
8468.75	-122.93865
8500	-123.08163
8531.25	-123.1304
8562.5	-123.01447
8593.75	-123.18647
8625	-123.4348
8656.25	-123.46547
8687.5	-123.38432
8718.75	-123.1443
8750	-123.37455
8781.25	-123.65168
8812.5	-123.59358
8843.75	-123.77644
8875	-123.9298
8906.25	-124.02425
8937.5	-123.93633
8968.75	-123.36618
9000	-122.5313
9031.25	-123.11922
9062.5	-123.60115
9093.75	-123.79489
9125	-123.81804
9156.25	-124.07035
9187.5	-124.33435
9218.75	-124.02204
9250	-124.0095
9281.25	-124.48481
9312.5	-124.95421
9343.75	-125.30586
9375	-125.22233
9406.25	-125.05644
9437.5	-125.3549
9468.75	-125.37693
9500	-125.23422
9531.25	-125.46184
9562.5	-125.51885
9593.75	-125.05834
9625	-124.75652
9656.25	-125.166
9687.5	-125.46961
9718.75	-125.63784
9750	-125.60021
9781.25	-125.80943
9812.5	-126.0127
9843.75	-126.09237
9875	-125.68396
9906.25	-125.50478
9937.5	-126.02516
9968.75	-125.96928
10000	-125.64283
10031.3	-125.62211
10062.5	-125.91867
10093.8	-126.23873
10125	-125.82958
10156.3	-125.71441
10187.5	-125.75784
10218.8	-125.88945
10250	-126.34424
10281.3	-126.1758
10312.5	-125.7897
10343.8	-126.15027
10375	-126.24022
10406.3	-126.08323
10437.5	-126.04363
10468.8	-126.18634
10500	-125.95257
10531.3	-125.2955
10562.5	-125.24976
10593.8	-125.7449
10625	-126.18108
10656.3	-125.97055
10687.5	-126.2361
10718.8	-126.97197
10750	-126.77879
10781.3	-126.79723
10812.5	-127.22709
10843.8	-127.33946
10875	-127.16358
10906.3	-127.19348
10937.5	-127.29379
10968.8	-127.06485
11000	-126.91807
11031.3	-126.83598
11062.5	-126.301
11093.8	-123.61414
11125	-123.16724
11156.3	-125.96578
11187.5	-127.58833
11218.8	-127.7821
11250	-127.40547
11281.3	-126.95827
11312.5	-127.16944
11343.8	-127.54522
11375	-127.34472
11406.3	-127.15002
11437.5	-126.87881
11468.8	-126.90743
11500	-127.04764
11531.3	-127.05263
11562.5	-127.31613
11593.8	-127.56791
11625	-127.71376
11656.3	-127.60677
11687.5	-127.46434
11718.8	-127.02211
11750	-127.14412
11781.3	-127.46609
11812.5	-126.94126
11843.8	-126.43994
11875	-126.48527
11906.3	-126.78344
11937.5	-127.058
11968.8	-126.70929
12000	-125.8313
12031.3	-125.99988
12062.5	-126.90915
12093.8	-126.9012
12125	-127.10484
12156.3	-127.02623
12187.5	-127.36494
12218.8	-128.01528
12250	-127.40727
12281.3	-125.62922
12312.5	-126.40867
12343.8	-128.14645
12375	-127.89102
12406.3	-127.51792
12437.5	-128.06786
12468.8	-128.74712
12500	-128.85006
12531.3	-128.39445
12562.5	-127.94462
12593.8	-128.67067
12625	-128.96157
12656.3	-128.5939
12687.5	-128.66125
12718.8	-129.3577
12750	-129.41903
12781.3	-129.06884
12812.5	-128.94189
12843.8	-129.29123
12875	-129.41119
12906.3	-129.437
12937.5	-129.32168
12968.8	-129.08285
13000	-129.18491
13031.3	-129.12237
13062.5	-129.18902
13093.8	-129.52619
13125	-129.59274
13156.3	-129.98859
13187.5	-130.28436
13218.8	-129.84521
13250	-129.68229
13281.3	-130.20139
13312.5	-130.42052
13343.8	-129.90475
13375	-130.05325
13406.3	-130.31935
13437.5	-129.82095
13468.8	-129.8753
13500	-130.47042
13531.3	-130.39531
13562.5	-130.11425
13593.8	-130.17431
13625	-130.64577
13656.3	-130.73505
13687.5	-130.86538
13718.8	-131.05459
13750	-130.98489
13781.3	-130.65073
13812.5	-130.63389
13843.8	-130.56414
13875	-130.35322
13906.3	-130.22458
13937.5	-130.36048
13968.8	-130.13178
14000	-129.90889
14031.3	-129.57431
14062.5	-129.83346
14093.8	-130.5865
14125	-129.98712
14156.3	-129.47009
14187.5	-130.4052
14218.8	-130.72883
14250	-130.80547
14281.3	-130.96438
14312.5	-131.07028
14343.8	-130.51774
14375	-130.19434
14406.3	-130.75291
14437.5	-130.74692
14468.8	-129.93547
14500	-135.85007
14625	-135.62563
14750	-135.04185
14875	-133.80474
15000	-133.03155
15125	-133.69219
15250	-135.16365
15375	-136.34047
15500	-137.53432
15625	-137.99262
15750	-138.06816
15875	-138.35476
16000	-138.4644
16125	-138.46174
16250	-138.79953
16375	-138.88984
16500	-138.77379
16625	-139.02175
16750	-139.71599
16875	-140.22746
17000	-140.07989
17125	-140.08469
17250	-140.69454
17375	-140.9923
17500	-140.75452
17625	-140.63973
17750	-141.07713
17875	-141.11423
18000	-140.47475
18125	-139.57608
18250	-137.58925
18375	-136.4839
18500	-137.89453
18625	-140.65111
18750	-142.27839
18875	-142.45889
19000	-142.09216
19125	-141.4428
19250	-140.38734
19375	-140.07817
19500	-140.9092
19625	-141.85742
19750	-141.62348
19875	-140.80117
20000	-139.47874
20125	-138.66742
20250	-139.80184
20375	-141.58262
20500	-142.24594
20625	-142.54434
20750	-142.64837
20875	-143.06365
21000	-143.54911
21125	-143.27577
21250	-143.21962
21375	-143.2866
21500	-143.49434
21625	-143.71939
21750	-143.8794
21875	-144.33894
22000	-144.51595
22125	-144.13406
22250	-143.95765
22375	-143.81029
22500	-142.73955
22625	-141.94484
22750	-143.23702
22875	-144.7582
23000	-145.77931
23125	-145.91819
23250	-145.51588
23375	-145.16027
23500	-144.83378
23625	-144.78333
23750	-145.09125
23875	-144.00543
24000	-142.33139
24125	-142.63844
24250	-144.63262
24375	-146.03271
24500	-147.10914
24625	-147.97362
24750	-148.06763
24875	-147.93209
25000	-148.45475
25125	-148.65969
25250	-148.44101
25375	-148.44549
25500	-148.23808
25625	-148.61833
25750	-149.76855
25875	-150.28941
26000	-150.28089
26125	-150.71891
26250	-151.16258
26375	-151.45903
26500	-151.48479
26625	-151.72194
26750	-152.31166
26875	-152.91285
27000	-153.07877
27125	-153.11507
27250	-153.3922
27375	-153.2987
27500	-152.77577
27625	-152.86409
27750	-153.49307
27875	-153.61029
28000	-153.85079
28125	-154.40853
28250	-154.93081
28375	-154.86491
28500	-154.12853
28625	-152.74518
28750	-151.70263
28875	-152.14735
29000	-153.68548
29125	-154.96471
29250	-155.09132
29375	-155.28829
29500	-155.03818
29625	-154.27048
29750	-154.03176
29875	-154.39838
30000	-154.63546
30125	-155.16634
30250	-155.88515
30375	-156.03932
30500	-155.99341
30625	-156.26477
30750	-156.46538
30875	-156.57757
31000	-156.22514
31125	-155.25519
31250	-154.2321
31375	-153.50866
31500	-152.8615
31625	-152.60805
31750	-152.85416
31875	-153.67042
32000	-154.22777
32125	-154.74379
32250	-154.83043
32375	-154.51122
32500	-154.25648
32625	-154.51896
32750	-155.43388
32875	-156.10165
33000	-155.74623
33125	-154.54989
33250	-152.76539
33375	-151.35115
33500	-151.34783
33625	-152.33206
33750	-152.58707
33875	-151.21915
34000	-150.78003
34125	-150.10555
34250	-146.05608
34375	-140.97164
34500	-136.97476
34625	-135.41182
34750	-137.3352
34875	-143.01546
35000	-147.93708
35125	-149.34262
35250	-148.85477
35375	-145.52109
35500	-142.66937
35625	-142.75724
35750	-144.40301
35875	-145.43714
36000	-143.80183
36125	-143.79498
36250	-143.94083
36375	-141.27613
36500	-134.54267
36625	-127.4445
36750	-124.27957
36875	-126.33548
37000	-132.90667
37125	-140.20085
37250	-143.77911
37375	-144.341
37500	-144.11488
37625	-145.81707
37750	-145.79056
37875	-143.8648
38000	-143.30883
38125	-145.81591
38250	-150.15725
38375	-153.00502
38500	-154.18879
38625	-153.72613
38750	-153.02814
38875	-152.75334
39000	-152.69591
39125	-153.44971
39250	-155.12646
39375	-156.23271
39500	-156.18645
39625	-156.53402
39750	-157.06953
39875	-156.44663
40000	-155.21803
40125	-153.34841
40250	-151.74911
40375	-152.36625
40500	-153.84751
40625	-155.07581
40750	-156.16873
40875	-157.01456
41000	-157.30173
41125	-156.97141
41250	-156.92314
41375	-157.72143
41500	-158.93108
41625	-159.29987
41750	-158.99238
41875	-159.52547
42000	-159.96435
42125	-159.22723
42250	-158.60755
42375	-158.10534
42500	-158.00275
42625	-158.65853
42750	-159.908
42875	-161.00441
43000	-161.13648
43125	-161.10966
43250	-160.99452
43375	-160.69106
43500	-160.46395
43625	-160.18381
43750	-160.02112
43875	-160.70487
44000	-161.22979
44125	-161.36065
44250	-161.5384
44375	-161.73365
44500	-160.68231
44625	-158.51379
44750	-157.89723
44875	-159.30312
45000	-160.99702
45125	-161.77942
45250	-161.8738
45375	-161.48592
45500	-161.32722
45625	-161.1331
45750	-161.05644
45875	-160.78561
46000	-161.03797
46125	-161.75465
46250	-161.57751
46375	-161.02984
46500	-160.70546
46625	-160.4691
46750	-160.88532
46875	-161.25431
47000	-161.11168
47125	-160.81018
47250	-160.86127
47375	-160.55951
47500	-159.97539
47625	-157.09225
47750	-151.87485
47875	-149.46179
48000	-151.67579
48125	-157.04106
48250	-160.71885
48375	-161.392
48500	-160.84216
48625	-160.68605
48750	-161.20009
48875	-161.37301
49000	-161.09307
49125	-161.02468
49250	-161.70871
49375	-162.10453
49500	-162.22389
49625	-162.36663
49750	-162.53865
49875	-162.81637
50000	-162.38841
50125	-161.98974
50250	-162.3141
50375	-162.67362
50500	-162.96834
50625	-162.71613
50750	-161.72887
50875	-161.57636
51000	-162.01755
51125	-162.43509
51250	-162.58793
51375	-162.15857
51500	-161.80552
51625	-161.51114
51750	-160.97557
51875	-160.66329
52000	-161.12109
52125	-162.31958
52250	-162.88884
52375	-162.94646
52500	-162.92752
52625	-162.56155
52750	-162.23661
52875	-162.31136
53000	-162.50356
53125	-162.81322
53250	-162.8523
53375	-163.00297
53500	-162.7537
53625	-162.69243
53750	-162.86035
53875	-162.64597
54000	-162.48438
54125	-162.41084
54250	-161.85507
54375	-160.56421
54500	-159.15564
54625	-159.63427
54750	-160.74778
54875	-160.52646
55000	-159.48188
55125	-158.98988
55250	-158.50362
55375	-158.92861
55500	-159.92371
55625	-160.40715
55750	-160.2496
55875	-159.57459
56000	-158.36433
56125	-156.92473
56250	-155.60838
56375	-154.66236
56500	-153.68092
56625	-152.44652
56750	-151.81759
56875	-152.64073
57000	-155.00423
57125	-157.73794
57250	-159.48968
57375	-160.75914
57500	-162.00499
57625	-162.61569
57750	-162.53836
57875	-162.15517
58000	-161.99527
58125	-162.08217
58250	-162.62166
58375	-163.03754
58500	-163.02409
58625	-162.86351
58750	-163.15553
58875	-163.82369
59000	-164.22126
59125	-163.91316
59250	-163.49909
59375	-163.28478
59500	-163.79353
59625	-164.53143
59750	-164.74591
59875	-164.68981
60000	-164.42778
60125	-164.10094
60250	-164.23846
60375	-164.46402
60500	-163.9839
60625	-163.72706
60750	-163.95808
60875	-164.6064
61000	-165.21343
61125	-165.01483
61250	-164.55739
61375	-164.38791
61500	-164.94734
61625	-165.9711
61750	-166.00698
61875	-165.30189
62000	-164.66133
62125	-164.46747
62250	-164.79675
62375	-164.91422
62500	-164.83751
62625	-164.74892
62750	-164.71308
62875	-164.90641
63000	-165.09371
63125	-164.92219
63250	-164.30372
63375	-164.14956
63500	-165.0712
63625	-165.9045
63750	-165.8675
63875	-165.47756
64000	-165.63428
64125	-165.82023
64250	-165.42986
64375	-164.81003
64500	-160.28607
64625	-160.53022
64750	-160.60372
64875	-160.65353
65000	-160.62677
65125	-160.33528
65250	-159.24993
65375	-158.09965
65500	-157.86651
65625	-158.52098
65750	-160.07489
65875	-161.16413
66000	-161.3713
66125	-161.41368
66250	-161.30891
66375	-160.82182
66500	-160.52859
66625	-160.61737
66750	-160.3297
66875	-160.55339
67000	-161.2061
67125	-161.60585
67250	-161.83492
67375	-162.22257
67500	-162.5101
67625	-162.42706
67750	-162.67898
67875	-162.54858
68000	-161.90649
68125	-161.45236
68250	-161.23912
68375	-161.17859
68500	-161.1414
68625	-161.05701
68750	-160.86661
68875	-160.1116
69000	-158.62147
69125	-157.11356
69250	-156.32276
69375	-156.50776
69500	-157.51569
69625	-158.67633
69750	-159.8133
69875	-160.23277
70000	-160.40513
70125	-160.01286
70250	-159.67921
70375	-160.10971
70500	-160.65173
70625	-160.19405
70750	-159.54805
70875	-159.4604
71000	-158.94926
71125	-157.23851
71250	-151.53536
71375	-146.57284
71500	-145.76694
71625	-149.31167
71750	-155.35498
71875	-158.51718
72000	-157.88687
72125	-155.71596
72250	-154.62079
72375	-155.15987
72500	-156.29264
72625	-157.30763
72750	-157.71086
72875	-157.94929
73000	-157.82889
73125	-156.57356
73250	-150.34394
73375	-140.16898
73500	-135.49114
73625	-137.0336
73750	-144.26714
73875	-152.25893
74000	-155.52344
74125	-155.72444
74250	-155.09627
74375	-155.19695
74500	-154.15674
74625	-152.14034
74750	-151.15261
74875	-152.44001
75000	-155.56158
75125	-158.31837
75250	-159.25232
75375	-159.35703
75500	-158.0151
75625	-156.967
75750	-157.51195
75875	-158.41528
76000	-159.18316
76125	-159.82145
76250	-160.142
76375	-160.18008
76500	-160.11797
76625	-159.75575
76750	-159.21689
76875	-158.34852
77000	-157.3035
77125	-157.44587
77250	-157.94668
77375	-158.53538
77500	-159.45306
77625	-160.28817
77750	-160.38807
77875	-159.5411
78000	-159.19949
78125	-159.56314
78250	-160.00883
78375	-160.09557
78500	-160.29376
78625	-160.83854
78750	-161.16549
78875	-161.10998
79000	-160.46035
79125	-159.95742
79250	-159.95394
79375	-159.92075
79500	-160.41643
79625	-160.97059
79750	-161.15989
79875	-161.25483
80000	-161.1025
80125	-160.73819
80250	-159.95612
80375	-159.50298
80500	-159.96671
80625	-160.70644
80750	-161.19302
80875	-161.0384
81000	-160.69528
81125	-160.94566
81250	-159.37891
81375	-156.91815
81500	-155.69173
81625	-155.77013
81750	-157.21229
81875	-159.29493
82000	-159.9955
82125	-159.3787
82250	-158.69097
82375	-158.16746
82500	-157.7847
82625	-158.32461
82750	-159.1346
82875	-159.36209
83000	-159.01889
83125	-157.59932
83250	-154.8682
83375	-152.48361
83500	-151.20389
83625	-151.10551
83750	-152.58243
83875	-155.30534
84000	-156.9695
84125	-156.61655
84250	-156.06912
84375	-156.00335
84500	-153.20905
84625	-150.51421
84750	-152.39308
84875	-157.30537
85000	-159.30679
85125	-159.4733
85250	-159.51585
85375	-159.36974
85500	-159.082
85625	-158.62912
85750	-158.39324
85875	-158.63895
86000	-158.83707
86125	-158.7583
86250	-158.8142
86375	-158.42268
86500	-158.07174
86625	-158.03183
86750	-158.20299
86875	-158.22656
87000	-158.17307
87125	-158.48349
87250	-158.86972
87375	-158.81434
87500	-158.29971
87625	-158.08426
87750	-158.45611
87875	-158.82725
88000	-158.25112
88125	-157.45085
88250	-157.12023
88375	-156.88294
88500	-157.11528
88625	-157.24102
88750	-157.14258
88875	-156.69648
89000	-156.63174
89125	-156.7661
89250	-156.91138
89375	-157.26162
89500	-157.29939
89625	-157.23046
89750	-157.05482
89875	-156.96058
90000	-157.03593
90125	-156.47535
90250	-155.66101
90375	-155.67469
90500	-156.45759
90625	-156.83967
90750	-156.46226
90875	-156.14848
91000	-155.85712
91125	-155.18839
91250	-153.84825
91375	-153.96509
91500	-154.96268
91625	-154.84195
91750	-154.09089
91875	-153.93828
92000	-154.10188
92125	-154.79331
92250	-155.52455
92375	-155.37837
92500	-155.43067
92625	-155.05232
92750	-154.06103
92875	-152.81538
93000	-151.41531
93125	-150.37227
93250	-149.76852
93375	-149.26307
93500	-149.00875
93625	-149.58743
93750	-150.69347
93875	-151.62712
94000	-152.08257
94125	-152.4302
94250	-153.11677
94375	-153.48372
94500	-153.49571
94625	-153.02922
94750	-152.51922
94875	-152.76526
95000	-153.09701
95125	-152.93818
95250	-152.36513
95375	-152.17738
95500	-152.35128
95625	-152.26353
95750	-152.51962
95875	-152.83718
96000	-152.59878
96125	-152.52742
96250	-152.3055
96375	-152.03284
96500	-151.94442
96625	-151.91665
96750	-152.29034
96875	-152.10693
97000	-151.77191
97125	-151.48498
97250	-151.37525
97375	-150.78984
97500	-149.46391
97625	-148.57892
97750	-148.90482
97875	-149.48285
98000	-148.98393
98125	-148.44243
98250	-148.32237
98375	-148.62916
98500	-149.1271
98625	-148.76907
98750	-147.83663
98875	-147.26978
99000	-147.64982
99125	-147.92346
99250	-147.43709
99375	-146.63642
99500	-146.17283
99625	-145.42759
99750	-144.73419
99875	-144.24951