1525	-161.60531
1525.01	-161.60531
1525.02	-161.60531
1525.03	-161.60531
1525.04	-161.60531
1525.05	-161.60531
1525.06	-161.60531
1525.07	-161.60531
1525.08	-161.60531
1525.09	-161.60531
1525.1	-161.60531
1525.11	-161.60531
1525.12	-161.60531
1525.13	-161.60531
1525.14	-161.60531
1525.15	-161.60531
1525.16	-161.60531
1525.17	-161.60531
1525.18	-161.60531
1525.19	-161.60531
1525.2	-161.60531
1525.21	-161.60531
1525.22	-161.60531
1525.23	-161.60531
1525.24	-161.60531
1525.25	-161.60531
1525.26	-161.60531
1525.27	-161.60531
1525.28	-161.60531
1525.29	-161.60531
1525.3	-161.60531
1525.31	-161.60531
1525.32	-161.60531
1525.33	-161.60531
1525.34	-161.60531
1525.35	-161.60531
1525.36	-161.60531
1525.37	-161.60531
1525.38	-161.60531
1525.39	-161.60531
1525.4	-161.60531
1525.41	-161.60531
1525.42	-161.60531
1525.43	-161.60531
1525.44	-161.60531
1525.45	-161.60531
1525.46	-161.60531
1525.47	-161.60531
1525.48	-161.60531
1525.49	-161.60531
1525.5	-161.60531
1525.51	-161.60531
1525.52	-161.60531
1525.53	-161.60531
1525.54	-161.60531
1525.55	-161.60531
1525.56	-161.60531
1525.57	-161.60531
1525.58	-161.60531
1525.59	-161.60531
1525.6	-161.60531
1525.61	-161.60531
1525.62	-161.60531
1525.63	-161.60531
1525.64	-161.60531
1525.65	-161.60531
1525.66	-161.60531
1525.67	-161.60531
1525.68	-161.60531
1525.69	-161.60531
1525.7	-161.60531
1525.71	-161.60531
1525.72	-161.60531
1525.73	-161.60531
1525.74	-161.60531
1525.75	-161.60531
1525.76	-161.60531
1525.77	-161.60531
1525.78	-161.60531
1525.79	-161.60531
1525.8	-161.60531
1525.81	-161.60531
1525.82	-161.60531
1525.83	-161.60531
1525.84	-161.60531
1525.85	-161.60531
1525.86	-161.60531
1525.87	-161.60531
1525.88	-161.60531
1525.89	-161.60531
1525.9	-161.60531
1525.91	-161.60531
1525.92	-161.60531
1525.93	-161.60531
1525.94	-161.60531
1525.95	-161.60531
1525.96	-161.60531
1525.97	-161.60531
1525.98	-161.60531
1525.99	-161.60531
1526	-161.60531
1526.01	-161.60531
1526.02	-161.60531
1526.03	-161.60531
1526.04	-161.60531
1526.05	-161.60531
1526.06	-161.60531
1526.07	-161.60531
1526.08	-161.60531
1526.09	-161.60531
1526.1	-161.60531
1526.11	-161.60531
1526.12	-161.60531
1526.13	-161.60531
1526.14	-161.60531
1526.15	-161.60531
1526.16	-161.60531
1526.17	-161.60531
1526.18	-161.60531
1526.19	-161.60531
1526.2	-161.60531
1526.21	-161.60531
1526.22	-161.60531
1526.23	-161.60531
1526.24	-161.60531
1526.25	-161.60531
1526.26	-161.60531
1526.27	-161.60531
1526.28	-161.60531
1526.29	-161.60531
1526.3	-161.60531
1526.31	-161.60531
1526.32	-161.60531
1526.33	-161.60531
1526.34	-161.60531
1526.35	-161.60531
1526.36	-161.60531
1526.37	-161.60531
1526.38	-161.60531
1526.39	-161.60531
1526.4	-161.60531
1526.41	-161.60531
1526.42	-161.60531
1526.43	-161.60531
1526.44	-161.60531
1526.45	-161.60531
1526.46	-161.60531
1526.47	-161.60531
1526.48	-112.53283
1526.49	-161.60531
1526.5	-161.60531
1526.51	-161.60531
1526.52	-161.60531
1526.53	-161.60531
1526.54	-161.60531
1526.55	-161.60531
1526.56	-161.60531
1526.57	-161.60531
1526.58	-161.60531
1526.59	-161.60531
1526.6	-161.60531
1526.61	-161.60531
1526.62	-161.60531
1526.63	-161.60531
1526.64	-161.60531
1526.65	-161.60531
1526.66	-161.60531
1526.67	-161.60531
1526.68	-161.60531
1526.69	-161.60531
1526.7	-161.60531
1526.71	-161.60531
1526.72	-161.60531
1526.73	-161.60531
1526.74	-161.60531
1526.75	-161.60531
1526.76	-161.60531
1526.77	-161.60531
1526.78	-161.60531
1526.79	-161.60531
1526.8	-161.60531
1526.81	-161.60531
1526.82	-161.60531
1526.83	-161.60531
1526.84	-161.60531
1526.85	-161.60531
1526.86	-161.60531
1526.87	-161.60531
1526.88	-161.60531
1526.89	-161.60531
1526.9	-161.60531
1526.91	-161.60531
1526.92	-161.60531
1526.93	-161.60531
1526.94	-161.60531
1526.95	-161.60531
1526.96	-161.60531
1526.97	-161.60531
1526.98	-161.60531
1526.99	-161.60531
1527	-161.60531
1527.01	-161.60531
1527.02	-162.93962
1527.03	-161.60531
1527.04	-161.60531
1527.05	-161.60531
1527.06	-161.60531
1527.07	-161.60531
1527.08	-161.60531
1527.09	-161.60531
1527.1	-161.60531
1527.11	-161.60531
1527.12	-161.60531
1527.13	-161.60531
1527.14	-161.60531
1527.15	-161.60531
1527.16	-161.60531
1527.17	-161.60531
1527.18	-161.60531
1527.19	-161.60531
1527.2	-127.99135
1527.21	-161.60531
1527.22	-161.60531
1527.23	-161.60531
1527.24	-122.23939
1527.25	-161.60531
1527.26	-161.60531
1527.27	-161.60531
1527.28	-161.60531
1527.29	-161.60531
1527.3	-161.60531
1527.31	-161.60531
1527.32	-161.60531
1527.33	-161.60531
1527.34	-161.60531
1527.35	-161.60531
1527.36	-161.60531
1527.37	-161.60531
1527.38	-161.60531
1527.39	-120.94488
1527.4	-161.60531
1527.41	-161.60531
1527.42	-161.60531
1527.43	-161.60531
1527.44	-161.60531
1527.45	-161.60531
1527.46	-161.60531
1527.47	-161.60531
1527.48	-161.60531
1527.49	-161.60531
1527.5	-161.60531
1527.51	-161.60531
1527.52	-161.60531
1527.53	-161.60531
1527.54	-161.60531
1527.55	-161.60531
1527.56	-161.60531
1527.57	-161.60531
1527.58	-161.60531
1527.59	-161.60531
1527.6	-161.60531
1527.61	-161.60531
1527.62	-161.60531
1527.63	-161.60531
1527.64	-161.60531
1527.65	-139.72988
1527.66	-118.55343
1527.67	-161.60531
1527.68	-161.60531
1527.69	-161.60531
1527.7	-161.60531
1527.71	-111.16687
1527.72	-161.60531
1527.73	-116.74455
1527.74	-161.60531
1527.75	-161.60531
1527.76	-161.60531
1527.77	-116.65567
1527.78	-161.60531
1527.79	-161.60531
1527.8	-161.60531
1527.81	-161.60531
1527.82	-161.60531
1527.83	-161.60531
1527.84	-127.46584
1527.85	-161.60531
1527.86	-161.60531
1527.87	-161.60531
1527.88	-111.22977
1527.89	-161.60531
1527.9	-161.60531
1527.91	-161.60531
1527.92	-161.60531
1527.93	-161.60531
1527.94	-161.60531
1527.95	-161.60531
1527.96	-161.60531
1527.97	-161.60531
1527.98	-161.60531
1527.99	-161.60531
1528	-161.60531
1528.01	-161.60531
1528.02	-161.60531
1528.03	-161.60531
1528.04	-161.60531
1528.05	-161.60531
1528.06	-161.60531
1528.07	-161.60531
1528.08	-161.60531
1528.09	-161.60531
1528.1	-161.60531
1528.11	-161.60531
1528.12	-161.60531
1528.13	-161.60531
1528.14	-161.60531
1528.15	-161.60531
1528.16	-161.60531
1528.17	-161.60531
1528.18	-161.60531
1528.19	-161.60531
1528.2	-161.60531
1528.21	-161.60531
1528.22	-161.60531
1528.23	-161.60531
1528.24	-161.60531
1528.25	-161.60531
1528.26	-161.60531
1528.27	-113.99385
1528.28	-161.60531
1528.29	-161.60531
1528.3	-161.60531
1528.31	-161.60531
1528.32	-118.9154
1528.33	-161.60531
1528.34	-161.60531
1528.35	-161.60531
1528.36	-161.60531
1528.37	-161.60531
1528.38	-161.60531
1528.39	-161.60531
1528.4	-114.74897
1528.41	-161.60531
1528.42	-161.60531
1528.43	-161.60531
1528.44	-161.60531
1528.45	-161.60531
1528.46	-161.60531
1528.47	-161.60531
1528.48	-161.60531
1528.49	-133.8682
1528.5	-161.60531
1528.51	-115.47252
1528.52	-161.60531
1528.53	-161.60531
1528.54	-161.60531
1528.55	-161.60531
1528.56	-161.60531
1528.57	-161.60531
1528.58	-161.60531
1528.59	-118.80773
1528.6	-161.60531
1528.61	-127.28024
1528.62	-161.60531
1528.63	-161.60531
1528.64	-116.74455
1528.65	-161.60531
1528.66	-161.60531
1528.67	-122.80794
1528.68	-161.60531
1528.69	-161.60531
1528.7	-161.60531
1528.71	-161.60531
1528.72	-161.60531
1528.73	-161.60531
1528.74	-119.37334
1528.75	-107.52745
1528.76	-161.60531
1528.77	-129.35387
1528.78	-161.60531
1528.79	-161.60531
1528.8	-161.60531
1528.81	-111.81177
1528.82	-161.60531
1528.83	-161.60531
1528.84	-161.60531
1528.85	-123.06818
1528.86	-161.60531
1528.87	-106.10476
1528.88	-161.60531
1528.89	-161.60531
1528.9	-112.687
1528.91	-161.60531
1528.92	-161.60531
1528.93	-109.25692
1528.94	-113.13712
1528.95	-161.60531
1528.96	-161.60531
1528.97	-107.60163
1528.98	-120.47484
1528.99	-111.69165
1529	-123.16223
1529.01	-161.60531
1529.02	-161.60531
1529.03	-161.60531
1529.04	-112.60033
1529.05	-119.31977
1529.06	-119.97117
1529.07	-132.35436
1529.08	-161.60531
1529.09	-161.60531
1529.1	-161.60531
1529.11	-161.60531
1529.12	-117.75954
1529.13	-161.60531
1529.14	-161.60531
1529.15	-112.99091
1529.16	-161.60531
1529.17	-161.60531
1529.18	-119.49511
1529.19	-161.60531
1529.2	-116.72967
1529.21	-117.59925
1529.22	-161.60531
1529.23	-161.60531
1529.24	-161.60531
1529.25	-161.60531
1529.26	-110.16648
1529.27	-123.47538
1529.28	-115.49399
1529.29	-161.60531
1529.3	-161.60531
1529.31	-161.60531
1529.32	-161.60531
1529.33	-110.6794
1529.34	-161.60531
1529.35	-161.60531
1529.36	-121.96713
1529.37	-161.60531
1529.38	-161.60531
1529.39	-109.79739
1529.4	-161.60531
1529.41	-161.60531
1529.42	-161.60531
1529.43	-115.64573
1529.44	-161.60531
1529.45	-114.06283
1529.46	-161.60531
1529.47	-113.21942
1529.48	-161.60531
1529.49	-161.60531
1529.5	-109.4241
1529.51	-161.60531
1529.52	-161.60531
1529.53	-133.02319
1529.54	-161.60531
1529.55	-161.60531
1529.56	-126.02927
1529.57	-116.40388
1529.58	-112.1239
1529.59	-161.60531
1529.6	-161.60531
1529.61	-161.60531
1529.62	-161.60531
1529.63	-161.60531
1529.64	-161.60531
1529.65	-161.60531
1529.66	-120.19717
1529.67	-161.60531
1529.68	-117.41501
1529.69	-161.60531
1529.7	-114.77662
1529.71	-161.60531
1529.72	-161.60531
1529.73	-161.60531
1529.74	-161.60531
1529.75	-161.60531
1529.76	-161.60531
1529.77	-136.35155
1529.78	-161.60531
1529.79	-161.60531
1529.8	-161.60531
1529.81	-161.60531
1529.82	-125.3832
1529.83	-161.60531
1529.84	-161.60531
1529.85	-161.60531
1529.86	-111.40783
1529.87	-115.89867
1529.88	-161.60531
1529.89	-161.60531
1529.9	-116.74455
1529.91	-161.60531
1529.92	-119.9281
1529.93	-120.01445
1529.94	-161.60531
1529.95	-161.60531
1529.96	-161.60531
1529.97	-135.57603
1529.98	-161.60531
1529.99	-161.60531
1530	-161.60531
1530.01	-161.60531
1530.02	-161.60531
1530.03	-132.49623
1530.04	-113.87177
1530.05	-119.4747
1530.06	-161.60531
1530.07	-161.60531
1530.08	-161.60531
1530.09	-113.12729
1530.1	-109.69539
1530.11	-161.60531
1530.12	-161.60531
1530.13	-161.60531
1530.14	-121.165
1530.15	-161.60531
1530.16	-107.72902
1530.17	-161.60531
1530.18	-124.77437
1530.19	-161.60531
1530.2	-161.60531
1530.21	-161.60531
1530.22	-161.60531
1530.23	-161.60531
1530.24	-131.40783
1530.25	-148.19854
1530.26	-112.17948
1530.27	-161.60531
1530.28	-161.60531
1530.29	-141.41629
1530.3	-115.80017
1530.31	-161.60531
1530.32	-161.60531
1530.33	-123.77345
1530.34	-161.60531
1530.35	-161.60531
1530.36	-161.60531
1530.37	-161.60531
1530.38	-161.60531
1530.39	-118.13576
1530.4	-161.60531
1530.41	-161.60531
1530.42	-161.60531
1530.43	-137.41501
1530.44	-161.60531
1530.45	-161.60531
1530.46	-161.60531
1530.47	-161.60531
1530.48	-161.60531
1530.49	-132.75258
1530.5	-161.60531
1530.51	-161.60531
1530.52	-161.60531
1530.53	-161.60531
1530.54	-121.01764
1530.55	-161.60531
1530.56	-161.60531
1530.57	-161.60531
1530.58	-161.60531
1530.59	-161.60531
1530.6	-161.60531
1530.61	-161.60531
1530.62	-161.60531
1530.63	-161.60531
1530.64	-161.60531
1530.65	-161.60531
1530.66	-161.60531
1530.67	-161.60531
1530.68	-161.60531
1530.69	-161.60531
1530.7	-161.60531
1530.71	-161.60531
1530.72	-161.60531
1530.73	-112.1239
1530.74	-136.14529
1530.75	-161.60531
1530.76	-161.60531
1530.77	-161.60531
1530.78	-112.80603
1530.79	-161.60531
1530.8	-161.60531
1530.81	-161.60531
1530.82	-124.71328
1530.83	-161.60531
1530.84	-161.60531
1530.85	-161.60531
1530.86	-161.60531
1530.87	-161.60531
1530.88	-161.60531
1530.89	-161.60531
1530.9	-128.6694
1530.91	-161.60531
1530.92	-161.60531
1530.93	-161.60531
1530.94	-161.60531
1530.95	-161.60531
1530.96	-161.60531
1530.97	-121.1156
1530.98	-161.60531
1530.99	-161.60531
1531	-161.60531
1531.01	-161.60531
1531.02	-161.60531
1531.03	-161.60531
1531.04	-161.60531
1531.05	-161.60531
1531.06	-161.60531
1531.07	-161.60531
1531.08	-161.60531
1531.09	-161.60531
1531.1	-161.60531
1531.11	-161.60531
1531.12	-161.60531
1531.13	-161.60531
1531.14	-161.60531
1531.15	-161.60531
1531.16	-161.60531
1531.17	-135.36177
1531.18	-128.56813
1531.19	-161.60531
1531.2	-161.60531
1531.21	-161.60531
1531.22	-161.60531
1531.23	-161.60531
1531.24	-161.60531
1531.25	-161.60531
1531.26	-161.60531
1531.27	-161.60531
1531.28	-161.60531
1531.29	-161.60531
1531.3	-161.60531
1531.31	-161.60531
1531.32	-161.60531
1531.33	-161.60531
1531.34	-161.60531
1531.35	-161.60531
1531.36	-161.60531
1531.37	-161.60531
1531.38	-161.60531
1531.39	-161.60531
1531.4	-161.60531
1531.41	-161.60531
1531.42	-161.60531
1531.43	-161.60531
1531.44	-161.60531
1531.45	-161.60531
1531.46	-161.60531
1531.47	-118.45013
1531.48	-161.60531
1531.49	-161.60531
1531.5	-161.60531
1531.51	-115.33219
1531.52	-126.37127
1531.53	-161.60531
1531.54	-161.60531
1531.55	-161.60531
1531.56	-161.60531
1531.57	-161.60531
1531.58	-161.60531
1531.59	-115.76906
1531.6	-132.19122
1531.61	-161.60531
1531.62	-161.60531
1531.63	-161.60531
1531.64	-161.60531
1531.65	-115.61953
1531.66	-126.30238
1531.67	-161.60531
1531.68	-161.60531
1531.69	-125.38723
1531.7	-124.67239
1531.71	-161.60531
1531.72	-161.60531
1531.73	-118.03153
1531.74	-161.60531
1531.75	-108.59722
1531.76	-114.28059
1531.77	-161.60531
1531.78	-109.81079
1531.79	-161.60531
1531.8	-161.60531
1531.81	-123.47861
1531.82	-161.60531
1531.83	-161.60531
1531.84	-109.44335
1531.85	-118.51683
1531.86	-161.60531
1531.87	-161.60531
1531.88	-161.60531
1531.89	-161.60531
1531.9	-161.60531
1531.91	-161.60531
1531.92	-129.3985
1531.93	-121.78966
1531.94	-161.60531
1531.95	-161.60531
1531.96	-161.60531
1531.97	-161.60531
1531.98	-161.60531
1531.99	-161.60531
1532	-161.60531
1532.01	-161.60531
1532.02	-161.60531
1532.03	-161.60531
1532.04	-161.60531
1532.05	-161.60531
1532.06	-161.60531
1532.07	-161.60531
1532.08	-133.83263
1532.09	-161.60531
1532.1	-161.60531
1532.11	-132.29766
1532.12	-161.60531
1532.13	-140.32364
1532.14	-161.60531
1532.15	-161.60531
1532.16	-161.60531
1532.17	-161.60531
1532.18	-161.60531
1532.19	-161.60531
1532.2	-161.60531
1532.21	-161.60531
1532.22	-161.60531
1532.23	-161.60531
1532.24	-161.60531
1532.25	-161.60531
1532.26	-117.26617
1532.27	-161.60531
1532.28	-161.60531
1532.29	-109.56194
1532.3	-112.34837
1532.31	-161.60531
1532.32	-161.60531
1532.33	-115.34485
1532.34	-161.60531
1532.35	-131.80333
1532.36	-161.60531
1532.37	-137.1302
1532.38	-161.60531
1532.39	-161.60531
1532.4	-108.18741
1532.41	-161.60531
1532.42	-161.60531
1532.43	-109.37297
1532.44	-161.60531
1532.45	-161.60531
1532.46	-113.98662
1532.47	-161.60531
1532.48	-114.01558
1532.49	-115.00516
1532.5	-161.60531
1532.51	-161.60531
1532.52	-161.60531
1532.53	-104.936
1532.54	-113.1568
1532.55	-114.81628
1532.56	-117.17181
1532.57	-161.60531
1532.58	-115.61953
1532.59	-161.60531
1532.6	-161.60531
1532.61	-161.60531
1532.62	-161.60531
1532.63	-161.60531
1532.64	-114.25447
1532.65	-161.60531
1532.66	-161.60531
1532.67	-125.49122
1532.68	-114.66262
1532.69	-112.64975
1532.7	-112.61266
1532.71	-161.60531
1532.72	-105.05018
1532.73	-126.94458
1532.74	-108.49678
1532.75	-111.06303
1532.76	-161.60531
1532.77	-103.72232
1532.78	-124.81701
1532.79	-161.60531
1532.8	-115.00516
1532.81	-161.60531
1532.82	-120.13095
1532.83	-161.60531
1532.84	-111.35963
1532.85	-161.60531
1532.86	-114.15812
1532.87	-111.50774
1532.88	-115.0418
1532.89	-161.60531
1532.9	-161.60531
1532.91	-161.60531
1532.92	-117.04244
1532.93	-161.60531
1532.94	-105.26194
1532.95	-107.45561
1532.96	-112.42652
1532.97	-161.60531
1532.98	-114.78058
1532.99	-103.33857
1533	-161.60531
1533.01	-161.60531
1533.02	-106.64621
1533.03	-161.60531
1533.04	-103.70903
1533.05	-161.60531
1533.06	-108.65179
1533.07	-115.48969
1533.08	-161.60531
1533.09	-111.68333
1533.1	-111.97359
1533.11	-106.01194
1533.12	-161.60531
1533.13	-109.5815
1533.14	-161.60531
1533.15	-161.60531
1533.16	-107.40805
1533.17	-114.44662
1533.18	-113.8789
1533.19	-112.45373
1533.2	-109.59021
1533.21	-161.60531
1533.22	-106.89653
1533.23	-102.29657
1533.24	-106.418
1533.25	-109.59021
1533.26	-109.03549
1533.27	-161.60531
1533.28	-107.20875
1533.29	-105.82922
1533.3	-110.97829
1533.31	-106.23551
1533.32	-109.34117
1533.33	-101.99797
1533.34	-113.21611
1533.35	-161.60531
1533.36	-109.34117
1533.37	-123.70239
1533.38	-108.15227
1533.39	-106.59052
1533.4	-161.60531
1533.41	-114.98892
1533.42	-109.764
1533.43	-109.36023
1533.44	-106.47716
1533.45	-103.44312
1533.46	-106.4498
1533.47	-119.49511
1533.48	-132.96197
1533.49	-161.60531
1533.5	-111.22977
1533.51	-114.85213
1533.52	-131.56497
1533.53	-117.30844
1533.54	-161.60531
1533.55	-113.72679
1533.56	-161.60531
1533.57	-156.90991
1533.58	-112.71817
1533.59	-161.60531
1533.6	-161.60531
1533.61	-161.60531
1533.62	-107.94077
1533.63	-106.18533
1533.64	-136.69506
1533.65	-121.60531
1533.66	-110.80624
1533.67	-130.1595
1533.68	-118.68896
1533.69	-125.42894
1533.7	-118.71383
1533.71	-104.55937
1533.72	-104.01078
1533.73	-130.89184
1533.74	-117.19792
1533.75	-114.71354
1533.76	-110.73885
1533.77	-107.12307
1533.78	-99.871
1533.79	-100.23417
1533.8	-119.03733
1533.81	-117.92285
1533.82	-112.02245
1533.83	-109.83764
1533.84	-106.38481
1533.85	-103.85859
1533.86	-98.88994
1533.87	-102.9955
1533.88	-103.60125
1533.89	-121.90397
1533.9	-120.10168
1533.91	-102.7721
1533.92	-103.21643
1533.93	-98.56566
1533.94	-97.63217
1533.95	-99.89237
1533.96	-103.65827
1533.97	-110.22252
1533.98	-100.55913
1533.99	-100.6132
1534	-100.05069
1534.01	-93.79367
1534.02	-93.94697
1534.03	-95.05813
1534.04	-100.70668
1534.05	-102.86298
1534.06	-104.88263
1534.07	-101.36545
1534.08	-93.94697
1534.09	-90.3809
1534.1	-90.08079
1534.11	-93.23266
1534.12	-100.17504
1534.13	-99.54978
1534.14	-161.60531
1534.15	-97.50123
1534.16	-90.28128
1534.17	-86.69445
1534.18	-86.61368
1534.19	-89.98453
1534.2	-102.30222
1534.21	-97.27144
1534.22	-97.49581
1534.23	-90.41197
1534.24	-86.70382
1534.25	-83.24471
1534.26	-85.61988
1534.27	-91.82866
1534.28	-94.44281
1534.29	-100.14562
1534.3	-96.65076
1534.31	-90.26008
1534.32	-85.99033
1534.33	-84.02913
1534.34	-87.16416
1534.35	-92.02821
1534.36	-95.63262
1534.37	-99.20042
1534.38	-95.70277
1534.39	-92.34538
1534.4	-87.11324
1534.41	-87.57568
1534.42	-90.53008
1534.43	-94.60035
1534.44	-100.4596
1534.45	-99.72288
1534.46	-99.12828
1534.47	-93.55665
1534.48	-91.87104
1534.49	-91.25348
1534.5	-95.11966
1534.51	-105.3832
1534.52	-103.90035
1534.53	-103.50559
1534.54	-112.41445
1534.55	-102.96193
1534.56	-98.04881
1534.57	-95.6501
1534.58	-98.42601
1534.59	-103.62862
1534.6	-107.55498
1534.61	-104.28784
1534.62	-101.56199
1534.63	-97.79308
1534.64	-100.48247
1534.65	-101.18153
1534.66	-110.92987
1534.67	-114.52699
1534.68	-104.43337
1534.69	-106.36225
1534.7	-104.98713
1534.71	-101.87884
1534.72	-108.25999
1534.73	-104.75937
1534.74	-103.80025
1534.75	-103.38429
1534.76	-108.51023
1534.77	-103.61109
1534.78	-104.25243
1534.79	-106.05098
1534.8	-101.2563
1534.81	-109.3666
1534.82	-115.05405
1534.83	-104.77437
1534.84	-161.60531
1534.85	-148.9805
1534.86	-125.45732
1534.87	-102.76813
1534.88	-116.19174
1534.89	-108.94201
1534.9	-120.05069
1534.91	-104.49251
1534.92	-106.59514
1534.93	-103.38749
1534.94	-101.29812
1534.95	-105.88449
1534.96	-107.73957
1534.97	-101.1485
1534.98	-110.9375
1534.99	-105.60335
1535	-104.42615
1535.01	-108.38611
1535.02	-102.86298
1535.03	-103.62862
1535.04	-100.39136
1535.05	-105.82922
1535.06	-108.50254
1535.07	-109.01712
1535.08	-114.35566
1535.09	-101.39931
1535.1	-107.04311
1535.11	-99.26652
1535.12	-110.90703
1535.13	-108.40509
1535.14	-113.51206
1535.15	-105.69605
1535.16	-121.94271
1535.17	-103.87211
1535.18	-161.60531
1535.19	-109.83764
1535.2	-108.08059
1535.21	-101.73835
1535.22	-108.36906
1535.23	-104.6761
1535.24	-120.67541
1535.25	-109.29473
1535.26	-101.43331
1535.27	-116.16848
1535.28	-161.60531
1535.29	-117.68179
1535.3	-114.12869
1535.31	-109.21927
1535.32	-109.34752
1535.33	-106.22072
1535.34	-161.60531
1535.35	-161.60531
1535.36	-109.60329
1535.37	-104.63414
1535.38	-118.65797
1535.39	-161.60531
1535.4	-102.92141
1535.41	-130.83887
1535.42	-108.45655
1535.43	-120.6132
1535.44	-109.46479
1535.45	-99.66711
1535.46	-102.38639
1535.47	-108.56813
1535.48	-97.87749
1535.49	-106.51529
1535.5	-126.02493
1535.51	-107.10833
1535.52	-109.1486
1535.53	-109.6558
1535.54	-104.82078
1535.55	-161.60531
1535.56	-122.98328
1535.57	-161.60531
1535.58	-103.00468
1535.59	-110.83887
1535.6	-106.94458
1535.61	-101.48455
1535.62	-139.46111
1535.63	-109.49706
1535.64	-107.29026
1535.65	-135.3872
1535.66	-104.01422
1535.67	-105.21707
1535.68	-138.38394
1535.69	-104.72074
1535.7	-111.35162
1535.71	-103.66157
1535.72	-107.75719
1535.73	-106.51529
1535.74	-104.01422
1535.75	-112.51756
1535.76	-104.54474
1535.77	-106.89174
1535.78	-106.59052
1535.79	-161.60531
1535.8	-161.60531
1535.81	-111.3117
1535.82	-105.7982
1535.83	-109.77734
1535.84	-108.94201
1535.85	-101.30651
1535.86	-103.30576
1535.87	-102.89718
1535.88	-121.96713
1535.89	-108.32941
1535.9	-105.48714
1535.91	-101.165
1535.92	-113.05884
1535.93	-104.34957
1535.94	-103.69134
1535.95	-104.93982
1535.96	-106.86783
1535.97	-104.51555
1535.98	-103.83162
1535.99	-100.67541
1536	-99.97117
1536.01	-102.55043
1536.02	-109.81749
1536.03	-105.06957
1536.04	-100.62095
1536.05	-101.9617
1536.06	-110.28836
1536.07	-103.77679
1536.08	-111.54858
1536.09	-113.54977
1536.1	-111.1096
1536.11	-105.85469
1536.12	-110.37375
1536.13	-106.7461
1536.14	-129.56194
1536.15	-107.2386
1536.16	-107.61723
1536.17	-161.60531
1536.18	-108.78972
1536.19	-114.06283
1536.2	-117.47419
1536.21	-113.49156
1536.22	-107.22366
1536.23	-108.62251
1536.24	-111.00901
1536.25	-107.14277
1536.26	-107.32543
1536.27	-103.09907
1536.28	-103.8204
1536.29	-110.87667
1536.3	-109.89384
1536.31	-109.32003
1536.32	-119.80721
1536.33	-107.82091
1536.34	-110.46962
1536.35	-108.58557
1536.36	-112.25907
1536.37	-107.50173
1536.38	-118.07191
1536.39	-161.60531
1536.4	-111.1434
1536.41	-109.03549
1536.42	-104.7444
1536.43	-103.71567
1536.44	-107.05286
1536.45	-111.52405
1536.46	-112.56652
1536.47	-121.87884
1536.48	-116.67534
1536.49	-111.77808
1536.5	-117.39894
1536.51	-105.75608
1536.52	-102.59412
1536.53	-112.47799
1536.54	-161.60531
1536.55	-115.70717
1536.56	-111.03984
1536.57	-108.46228
1536.58	-103.90374
1536.59	-106.04229
1536.6	-161.60531
1536.61	-110.89184
1536.62	-106.04663
1536.63	-109.86682
1536.64	-100.52838
1536.65	-101.8905
1536.66	-103.59142
1536.67	-99.00507
1536.68	-104.05328
1536.69	-104.48524
1536.7	-106.60904
1536.71	-108.35204
1536.72	-161.60531
1536.73	-109.47769
1536.74	-111.22188
1536.75	-102.15108
1536.76	-105.82075
1536.77	-107.30029
1536.78	-103.77345
1536.79	-113.34603
1536.8	-161.60531
1536.81	-108.10809
1536.82	-108.14674
1536.83	-104.92453
1536.84	-103.42275
1536.85	-114.88813
1536.86	-113.67784
1536.87	-103.81704
1536.88	-104.09946
1536.89	-104.346
1536.9	-104.16335
1536.91	-102.74136
1536.92	-110.57387
1536.93	-104.59361
1536.94	-106.72258
1536.95	-117.51206
1536.96	-113.30251
1536.97	-98.86456
1536.98	-101.94271
1536.99	-101.63141
1537	-104.13774
1537.01	-120.21935
1537.02	-109.85334
1537.03	-103.52183
1537.04	-101.82968
1537.05	-105.46138
1537.06	-101.46744
1537.07	-102.53785
1537.08	-106.75552
1537.09	-115.59775
1537.1	-103.4399
1537.11	-107.74485
1537.12	-106.93014
1537.13	-104.46711
1537.14	-102.0417
1537.15	-103.33221
1537.16	-102.23379
1537.17	-108.1689
1537.18	-103.99704
1537.19	-104.11336
1537.2	-100.95294
1537.21	-100.6132
1537.22	-102.55334
1537.23	-103.59469
1537.24	-104.68724
1537.25	-104.85102
1537.26	-110.58852
1537.27	-104.09251
1537.28	-103.92754
1537.29	-99.46111
1537.3	-101.54472
1537.31	-102.02801
1537.32	-106.93495
1537.33	-108.12463
1537.34	-109.11142
1537.35	-100.6132
1537.36	-101.19809
1537.37	-97.64868
1537.38	-102.93051
1537.39	-98.13576
1537.4	-107.48633
1537.41	-104.78564
1537.42	-109.24435
1537.43	-111.06303
1537.44	-101.21468
1537.45	-99.09569
1537.46	-101.741
1537.47	-103.60453
1537.48	-111.1434
1537.49	-102.89718
1537.5	-104.50827
1537.51	-103.57179
1537.52	-99.4747
1537.53	-98.22947
1537.54	-98.92815
1537.55	-107.6712
1537.56	-101.978
1537.57	-108.81957
1537.58	-109.61639
1537.59	-99.36663
1537.6	-101.46744
1537.61	-100.47484
1537.62	-101.07465
1537.63	-110.9375
1537.64	-109.90739
1537.65	-104.23125
1537.66	-105.4249
1537.67	-107.73429
1537.68	-97.71503
1537.69	-100.65982
1537.7	-102.52046
1537.71	-104.28429
1537.72	-105.39126
1537.73	-99.42049
1537.74	-100.55143
1537.75	-98.11249
1537.76	-96.65076
1537.77	-98.74502
1537.78	-108.98659
1537.79	-103.19763
1537.8	-108.09158
1537.81	-108.78972
1537.82	-104.12728
1537.83	-102.97412
1537.84	-97.35091
1537.85	-97.69285
1537.86	-103.91054
1537.87	-103.46246
1537.88	-106.3203
1537.89	-103.08979
1537.9	-106.20301
1537.91	-100.53606
1537.92	-97.7707
1537.93	-95.81799
1537.94	-100.9288
1537.95	-106.08728
1537.96	-108.60305
1537.97	-120.8091
1537.98	-105.94583
1537.99	-100.961
1538	-98.76378
1538.01	-100.40647
1538.02	-106.7461
1538.03	-103.03637
1538.04	-113.48814
1538.05	-114.28059
1538.06	-98.1183
1538.07	-98.36
1538.08	-96.15456
1538.09	-102.74433
1538.1	-110.22252
1538.11	-107.94617
1538.12	-113.24592
1538.13	-103.07743
1538.14	-100.51305
1538.15	-93.8149
1538.16	-98.29449
1538.17	-98.72006
1538.18	-105.33903
1538.19	-106.28896
1538.2	-103.83835
1538.21	-98.95372
1538.22	-94.61588
1538.23	-94.85613
1538.24	-95.58906
1538.25	-103.35768
1538.26	-99.91379
1538.27	-106.26665
1538.28	-106.71789
1538.29	-99.45433
1538.3	-101.4248
1538.31	-94.68608
1538.32	-96.09448
1538.33	-98.78887
1538.34	-106.05533
1538.35	-106.14422
1538.36	-102.83292
1538.37	-100.25646
1538.38	-94.64701
1538.39	-96.01197
1538.4	-97.68732
1538.41	-104.70211
1538.42	-106.53365
1538.43	-100.93684
1538.44	-101.1898
1538.45	-96.10831
1538.46	-93.193
1538.47	-94.82026
1538.48	-95.36177
1538.49	-102.47042
1538.5	-104.89023
1538.51	-106.9494
1538.52	-98.36
1538.53	-95.14853
1538.54	-95.0011
1538.55	-92.5788
1538.56	-95.96194
1538.57	-104.19841
1538.58	-104.43818
1538.59	-107.56532
1538.6	-96.67042
1538.61	-99.02441
1538.62	-93.65694
1538.63	-94.24702
1538.64	-96.96064
1538.65	-101.19809
1538.66	-102.6989
1538.67	-111.99655
1538.68	-98.11249
1538.69	-93.4507
1538.7	-92.17654
1538.71	-94.79246
1538.72	-95.62389
1538.73	-100.00722
1538.74	-104.15519
1538.75	-100.69103
1538.76	-98.2177
1538.77	-92.70569
1538.78	-91.69998
1538.79	-93.56353
1538.8	-96.3468
1538.81	-97.00656
1538.82	-98.55343
1538.83	-96.07608
1538.84	-94.78058
1538.85	-91.50774
1538.86	-89.17348
1538.87	-91.4428
1538.88	-99.4883
1538.89	-103.14354
1538.9	-103.03944
1538.91	-96.20572
1538.92	-95.2357
1538.93	-92.89161
1538.94	-90.53736
1538.95	-93.71628
1538.96	-104.92071
1538.97	-101.41629
1538.98	-103.74562
1538.99	-100.90473
1539	-94.93637
1539.01	-94.13236
1539.02	-92.69012
1539.03	-94.90418
1539.04	-101.34857
1539.05	-105.65027
1539.06	-103.94117
1539.07	-100.39136
1539.08	-94.37831
1539.09	-91.55677
1539.1	-92.24428
1539.11	-94.71747
1539.12	-101.56199
1539.13	-107.83692
1539.14	-105.19734
1539.15	-94.92026
1539.16	-93.60146
1539.17	-90.81375
1539.18	-90.83887
1539.19	-95.9801
1539.2	-106.07855
1539.21	-98.56566
1539.22	-101.95356
1539.23	-94.27685
1539.24	-89.96859
1539.25	-88.14121
1539.26	-90.18745
1539.27	-93.7725
1539.28	-97.80428
1539.29	-99.87812
1539.3	-98.01428
1539.31	-95.2985
1539.32	-89.66897
1539.33	-87.81026
1539.34	-91.965
1539.35	-95.27752
1539.36	-100.05069
1539.37	-101.1485
1539.38	-97.73169
1539.39	-92.36634
1539.4	-88.46802
1539.41	-88.85152
1539.42	-91.48333
1539.43	-96.41343
1539.44	-96.78934
1539.45	-98.22359
1539.46	-97.06301
1539.47	-91.29578
1539.48	-87.96422
1539.49	-86.88695
1539.5	-92.12682
1539.51	-95.366
1539.52	-101.91747
1539.53	-103.35449
1539.54	-94.45805
1539.55	-90.11774
1539.56	-86.7807
1539.57	-87.7519
1539.58	-92.40541
1539.59	-95.81353
1539.6	-101.32331
1539.61	-98.96653
1539.62	-94.20246
1539.63	-89.20467
1539.64	-85.90726
1539.65	-86.96548
1539.66	-93.00059
1539.67	-95.41271
1539.68	-101.10739
1539.69	-99.12175
1539.7	-91.47521
1539.71	-87.49146
1539.72	-86.07855
1539.73	-87.76778
1539.74	-92.15603
1539.75	-95.78682
1539.76	-97.35091
1539.77	-96.67534
1539.78	-90.41915
1539.79	-86.64155
1539.8	-84.99482
1539.81	-88.32941
1539.82	-92.73379
1539.83	-98.70138
1539.84	-99.08268
1539.85	-94.79643
1539.86	-89.78402
1539.87	-85.14496
1539.88	-85.66273
1539.89	-87.70795
1539.9	-92.09189
1539.91	-94.44281
1539.92	-96.85444
1539.93	-94.41619
1539.94	-88.0751
1539.95	-85.1934
1539.96	-84.07057
1539.97	-90.01193
1539.98	-93.53261
1539.99	-98.28856
1540	-96.17313
1540.01	-92.71193
1540.02	-87.96964
1540.03	-84.58994
1540.04	-85.62402
1540.05	-88.9805
1540.06	-94.63532
1540.07	-98.82663
1540.08	-97.59377
1540.09	-90.41197
1540.1	-85.42085
1540.11	-83.49479
1540.12	-84.67981
1540.13	-88.28994
1540.14	-93.51548
1540.15	-94.99704
1540.16	-96.52886
1540.17	-89.89384
1540.18	-84.32815
1540.19	-82.72949
1540.2	-84.75188
1540.21	-87.72374
1540.22	-94.55009
1540.23	-95.74248
1540.24	-91.70831
1540.25	-88.59139
1540.26	-84.3603
1540.27	-82.17423
1540.28	-83.76676
1540.29	-90.11774
1540.3	-93.91466
1540.31	-95.01735
1540.32	-91.52405
1540.33	-87.6433
1540.34	-82.89114
1540.35	-82.32012
1540.36	-85.77711
1540.37	-90.53736
1540.38	-95.71158
1540.39	-96.49986
1540.4	-91.57317
1540.41	-83.92754
1540.42	-81.69261
1540.43	-81.65496
1540.44	-84.43337
1540.45	-89.43693
1540.46	-93.67087
1540.47	-94.88012
1540.48	-89.78402
1540.49	-84.03258
1540.5	-81.17326
1540.51	-81.04202
1540.52	-82.93658
1540.53	-88.82555
1540.54	-93.28916
1540.55	-92.96518
1540.56	-88.04041
1540.57	-83.94458
1540.58	-80.79327
1540.59	-80.33114
1540.6	-85.95873
1540.61	-91.39173
1540.62	-93.10442
1540.63	-93.3561
1540.64	-87.92997
1540.65	-82.75325
1540.66	-80.02893
1540.67	-81.49312
1540.68	-85.38723
1540.69	-89.56194
1540.7	-95.35753
1540.71	-92.81866
1540.72	-88.01312
1540.73	-81.15675
1540.74	-79.4883
1540.75	-81.56199
1540.76	-84.81701
1540.77	-89.81749
1540.78	-93.22604
1540.79	-89.86682
1540.8	-85.46544
1540.81	-80.63648
1540.82	-78.93453
1540.83	-80.48247
1540.84	-85.32169
1540.85	-92.04842
1540.86	-91.47521
1540.87	-88.59139
1540.88	-84.63045
1540.89	-79.92094
1540.9	-78.75752
1540.91	-81.9364
1540.92	-87.5705
1540.93	-89.95495
1540.94	-92.25019
1540.95	-89.85334
1540.96	-84.5777
1540.97	-79.44755
1540.98	-79.207
1540.99	-82.70777
1541	-87.63286
1541.01	-93.22935
1541.02	-91.56497
1541.03	-89.53593
1541.04	-82.62142
1541.05	-79.38006
1541.06	-79.9281
1541.07	-82.56206
1541.08	-88.15227
1541.09	-92.38135
1541.1	-89.11761
1541.11	-84.98328
1541.12	-80.09437
1541.13	-77.45801
1541.14	-77.91148
1541.15	-80.24902
1541.16	-88.04041
1541.17	-90.99364
1541.18	-89.6558
1541.19	-83.41954
1541.2	-78.82663
1541.21	-76.34206
1541.22	-78.52902
1541.23	-82.85395
1541.24	-88.46228
1541.25	-90.97063
1541.26	-89.71746
1541.27	-83.91734
1541.28	-78.72629
1541.29	-75.62825
1541.3	-77.90014
1541.31	-82.77508
1541.32	-87.2386
1541.33	-90.3666
1541.34	-87.46072
1541.35	-80.31615
1541.36	-76.25718
1541.37	-74.92831
1541.38	-77.42574
1541.39	-82.02528
1541.4	-86.5107
1541.41	-89.34117
1541.42	-83.98333
1541.43	-79.71589
1541.44	-75.55004
1541.45	-74.62754
1541.46	-76.67534
1541.47	-84.01078
1541.48	-87.65549
1541.49	-89.59675
1541.5	-84.47799
1541.51	-79.36663
1541.52	-75.04588
1541.53	-74.9404
1541.54	-78.49252
1541.55	-83.30259
1541.56	-87.84226
1541.57	-88.72245
1541.58	-83.6814
1541.59	-78.95372
1541.6	-73.98301
1541.61	-74.58486
1541.62	-78.35402
1541.63	-84.79315
1541.64	-88.36906
1541.65	-87.93537
1541.66	-80.98523
1541.67	-75.9801
1541.68	-73.62916
1541.69	-74.439
1541.7	-77.84363
1541.71	-83.04867
1541.72	-87.56532
1541.73	-85.78133
1541.74	-80.0725
1541.75	-75.49399
1541.76	-72.81866
1541.77	-73.86464
1541.78	-79.88524
1541.79	-85.04243
1541.8	-87.99135
1541.81	-84.97176
1541.82	-80.30119
1541.83	-75.1692
1541.84	-72.49928
1541.85	-75.04588
1541.86	-79.8355
1541.87	-84.90165
1541.88	-86.20743
1541.89	-84.79817
1541.9	-79.44755
1541.91	-73.04586
1541.92	-72.07158
1541.93	-74.36321
1541.94	-78.88359
1541.95	-84.17385
1541.96	-86.24884
1541.97	-81.57929
1541.98	-76.38482
1541.99	-72.50232
1542	-71.83712
1542.01	-73.91824
1542.02	-79.01796
1542.03	-85.44515
1542.04	-85.89872
1542.05	-81.58796
1542.06	-76.06689
1542.07	-72.00805
1542.08	-71.36765
1542.09	-76.10369
1542.1	-81.62618
1542.11	-85.02696
1542.12	-85.01409
1542.13	-81.091
1542.14	-76.0623
1542.15	-71.15904
1542.16	-71.73336
1542.17	-75.70277
1542.18	-81.22299
1542.19	-85.44515
1542.2	-84.78188
1542.21	-78.12994
1542.22	-73.15023
1542.23	-70.72395
1542.24	-71.52405
1542.25	-75.27752
1542.26	-80.01445
1542.27	-83.32268
1542.28	-81.1485
1542.29	-75.23153
1542.3	-70.14556
1542.31	-67.73957
1542.32	-68.62251
1542.33	-72.69634
1542.34	-80.14562
1542.35	-83.90714
1542.36	-81.59663
1542.37	-76.16384
1542.38	-70.98596
1542.39	-68.49102
1542.4	-70.72395
1542.41	-75.75133
1542.42	-81.3739
1542.43	-84.01078
1542.44	-81.28137
1542.45	-76.01197
1542.46	-69.56846
1542.47	-68.72245
1542.48	-70.73885
1542.49	-75.80908
1542.5	-81.06648
1542.51	-82.60386
1542.52	-78.01428
1542.53	-72.62501
1542.54	-68.83153
1542.55	-67.99679
1542.56	-70.35232
1542.57	-74.97272
1542.58	-81.34857
1542.59	-82.12614
1542.6	-77.77629
1542.61	-72.39036
1542.62	-68.46802
1542.63	-67.35232
1542.64	-71.90509
1542.65	-77.44724
1542.66	-80.94488
1542.67	-81.83592
1542.68	-77.70948
1542.69	-71.92216
1542.7	-67.05286
1542.71	-67.51201
1542.72	-71.45089
1542.73	-76.60179
1542.74	-81.26465
1542.75	-81.71897
1542.76	-77.02192
1542.77	-69.1424
1542.78	-66.5705
1542.79	-67.1889
1542.8	-70.97063
1542.81	-76.14066
1542.82	-80.03618
1542.83	-79.40025
1542.84	-73.95417
1542.85	-68.59722
1542.86	-66.04663
1542.87	-66.72258
1542.88	-70.24363
1542.89	-77.72058
1542.9	-80.47484
1542.91	-78.82663
1542.92	-73.92901
1542.93	-68.57394
1542.94	-65.80665
1542.95	-67.7519
1542.96	-72.97482
1542.97	-77.32434
1542.98	-80.63648
1542.99	-78.36598
1543	-73.12402
1543.01	-66.49086
1543.02	-65.18553
1543.03	-67.25523
1543.04	-71.94213
1543.05	-76.74952
1543.06	-79.96397
1543.07	-75.24405
1543.08	-69.86682
1543.09	-65.96303
1543.1	-64.75562
1543.11	-66.72728
1543.12	-71.3117
1543.13	-78.56566
1543.14	-79.72988
1543.15	-76.10369
1543.16	-70.06697
1543.17	-65.89872
1543.18	-64.58994
1543.19	-69.10524
1543.2	-74.29181
1543.21	-78.68896
1543.22	-79.4747
1543.23	-74.81628
1543.24	-69.66897
1543.25	-64.71328
1543.26	-64.87503
1543.27	-68.46802
1543.28	-73.79721
1543.29	-78.12994
1543.3	-78.92815
1543.31	-74.63922
1543.32	-66.4498
1543.33	-63.47215
1543.34	-64.04983
1543.35	-67.41313
1543.36	-72.51451
1543.37	-76.57742
1543.38	-76.3753
1543.39	-70.97063
1543.4	-66.21629
1543.41	-62.76515
1543.42	-63.15599
1543.43	-65.9201
1543.44	-75.26077
1543.45	-77.37222
1543.46	-76.91497
1543.47	-71.43472
1543.48	-66.24884
1543.49	-62.49733
1543.5	-64.04983
1543.51	-68.0751
1543.52	-74.20616
1543.53	-76.73463
1543.54	-76.23375
1543.55	-71.26139
1543.56	-63.08052
1543.57	-61.59663
1543.58	-63.11456
1543.59	-66.96548
1543.6	-73.02319
1543.61	-76.29952
1543.62	-73.29917
1543.63	-68.10258
1543.64	-63.56852
1543.65	-61.2563
1543.66	-62.67234
1543.67	-66.2845
1543.68	-74.63922
1543.69	-76.46134
1543.7	-73.75841
1543.71	-68.13568
1543.72	-63.01489
1543.73	-60.77746
1543.74	-63.79019
1543.75	-68.61472
1543.76	-73.91108
1543.77	-75.83586
1543.78	-73.51206
1543.79	-68.0623
1543.8	-60.90473
1543.81	-60.43679
1543.82	-63.06407
1543.83	-67.97506
1543.84	-73.48814
1543.85	-75.80908
1543.86	-71.00901
1543.87	-65.24872
1543.88	-61.3149
1543.89	-60.49775
1543.9	-62.95888
1543.91	-67.7943
1543.92	-75.4042
1543.93	-75.93024
1543.94	-71.74173
1543.95	-65.74768
1543.96	-61.81098
1543.97	-60.8091
1543.98	-64.74066
1543.99	-70.42634
1544	-74.43139
1544.01	-75.04588
1544.02	-70.88425
1544.03	-65.17766
1544.04	-59.63936
1544.05	-60.36873
1544.06	-64.11336
1544.07	-69.83092
1544.08	-73.57041
1544.09	-73.98662
1544.1	-69.66897
1544.11	-61.74629
1544.12	-58.82033
1544.13	-58.92815
1544.14	-62.54172
1544.15	-68.00767
1544.16	-72.30361
1544.17	-71.84559
1544.18	-66.18974
1544.19	-60.85678
1544.2	-58.29449
1544.21	-58.71383
1544.22	-62.44742
1544.23	-69.88708
1544.24	-73.15352
1544.25	-72.08028
1544.26	-66.81387
1544.27	-60.80118
1544.28	-57.94561
1544.29	-59.84259
1544.3	-64.72074
1544.31	-69.83764
1544.32	-72.73379
1544.33	-71.05529
1544.34	-65.7729
1544.35	-58.68275
1544.36	-57.13539
1544.37	-58.67655
1544.38	-63.32904
1544.39	-68.68116
1544.4	-72.02245
1544.41	-68.19297
1544.42	-62.84794
1544.43	-58.28263
1544.44	-56.68027
1544.45	-58.40195
1544.46	-62.85696
1544.47	-70.1595
1544.48	-71.88805
1544.49	-68.44508
1544.5	-62.67823
1544.51	-58.2177
1544.52	-56.43736
1544.53	-60.05795
1544.54	-65.46951
1544.55	-70.53008
1544.56	-72.20593
1544.57	-68.95414
1544.58	-63.34494
1544.59	-57.57191
1544.6	-57.1043
1544.61	-59.96397
1544.62	-65.18159
1544.63	-70.31673
1544.64	-71.99368
1544.65	-66.21629
1544.66	-60.51305
1544.67	-57.04758
1544.68	-56.67534
1544.69	-59.53608
1544.7	-64.11336
1544.71	-70.57387
1544.72	-70.01879
1544.73	-64.99482
1544.74	-59.04379
1544.75	-55.7735
1544.76	-55.27752
1544.77	-60.55143
1544.78	-65.90299
1544.79	-69.77067
1544.8	-69.32003
1544.81	-64.99097
1544.82	-59.41374
1544.83	-54.54623
1544.84	-55.2943
1544.85	-59.6117
1544.86	-65.03083
1544.87	-68.81957
1544.88	-69.1238
1544.89	-61.70842
1544.9	-56.64094
1544.91	-54.02283
1544.92	-54.78454
1544.93	-58.54121
1544.94	-64.20192
1544.95	-69.16103
1544.96	-66.60441
1544.97	-61.1156
1544.98	-56.35155
1544.99	-53.59455
1545	-54.31805
1545.01	-60.68322
1545.02	-65.88449
1545.03	-68.70473
1545.04	-67.00421
1545.05	-61.45889
1545.06	-56.09909
1545.07	-53.10442
1545.08	-55.19408
1545.09	-59.80721
1545.1	-65.44109
1545.11	-68.40509
1545.12	-67.06425
1545.13	-58.67655
1545.14	-54.49245
1545.15	-52.8313
1545.16	-54.81628
1545.17	-59.4883
1545.18	-65.33102
1545.19	-68.71654
1545.2	-65.05018
1545.21	-59.22019
1545.22	-55.00922
1545.23	-53.38977
1545.24	-55.22319
1545.25	-62.04536
1545.26	-67.08382
1545.27	-68.46228
1545.28	-64.96025
1545.29	-58.78259
1545.3	-54.439
1545.31	-53.11421
1545.32	-56.32313
1545.33	-61.45889
1545.34	-66.02493
1545.35	-67.40297
1545.36	-64.10293
1545.37	-55.61081
1545.38	-51.91362
1545.39	-51.61707
1545.4	-54.89615
1545.41	-60.02893
1545.42	-64.61938
1545.43	-65.44109
1545.44	-60.6132
1545.45	-55.19823
1545.46	-51.40783
1545.47	-50.79122
1545.48	-55.90768
1545.49	-61.4078
1545.5	-65.32169
1545.51	-65.10978
1545.52	-60.30867
1545.53	-54.94443
1545.54	-50.30962
1545.55	-51.22188
1545.56	-55.15266
1545.57	-60.76168
1545.58	-64.6761
1545.59	-65.22497
1545.6	-57.51206
1545.61	-52.3394
1545.62	-49.73073
1545.63	-50.69422
1545.64	-54.55394
1545.65	-60.22676
1545.66	-65.16457
1545.67	-63.36406
1545.68	-57.87184
1545.69	-52.75258
1545.7	-49.88708
1545.71	-50.30962
1545.72	-56.58716
1545.73	-62.56788
1545.74	-65.57449
1545.75	-64.14123
1545.76	-58.7076
1545.77	-53.56353
1545.78	-50.42634
1545.79	-52.36634
1545.8	-56.87961
1545.81	-62.19931
1545.82	-65.60335
1545.83	-64.09598
1545.84	-55.47252
1545.85	-51.22977
1545.86	-49.8242
1545.87	-51.72501
1545.88	-56.19639
1545.89	-61.38237
1545.9	-64.41174
1545.91	-60.88872
1545.92	-55.2901
1545.93	-50.31673
1545.94	-48.42221
1545.95	-49.94814
1545.96	-57.1302
1545.97	-61.80031
1545.98	-63.65827
1545.99	-60.18241
1546	-54.56939
1546.01	-49.764
1546.02	-48.01857
1546.03	-50.69422
1546.04	-56.1592
1546.05	-61.165
1546.06	-63.33857
1546.07	-59.88524
1546.08	-51.89656
1546.09	-48.08608
1546.1	-47.65027
1546.11	-50.27421
1546.12	-55.55869
1546.13	-60.42162
1546.14	-62.46179
1546.15	-57.70393
1546.16	-52.01381
1546.17	-48.01857
1546.18	-47.22366
1546.19	-49.73073
1546.2	-57.5501
1546.21	-61.89588
1546.22	-62.71467
1546.23	-58.33612
1546.24	-52.82182
1546.25	-48.84352
1546.26	-48.36906
1546.27	-52.08898
1546.28	-57.90014
1546.29	-62.42353
1546.3	-63.20389
1546.31	-59.25989
1546.32	-51.09405
1546.33	-48.2656
1546.34	-48.57975
1546.35	-52.03687
1546.36	-56.97592
1546.37	-62.19931
1546.38	-60.58226
1546.39	-55.03772
1546.4	-49.34117
1546.41	-46.42254
1546.42	-46.47716
1546.43	-52.22066
1546.44	-57.485
1546.45	-60.82497
1546.46	-59.80721
1546.47	-54.88413
1546.48	-49.09906
1546.49	-45.22892
1546.5	-46.73669
1546.51	-51.40783
1546.52	-56.68519
1546.53	-60.07979
1546.54	-59.49511
1546.55	-51.76128
1546.56	-46.80438
1546.57	-44.7444
1546.58	-45.83346
1546.59	-50.24363
1546.6	-55.6764
1546.61	-60.33114
1546.62	-57.37222
1546.63	-51.90509
1546.64	-47.12307
1546.65	-44.61938
1546.66	-45.60748
1546.67	-52.67457
1546.68	-57.69839
1546.69	-60.70668
1546.7	-58.76378
1546.71	-53.23597
1546.72	-48.1136
1546.73	-45.50754
1546.74	-47.86009
1546.75	-52.65285
1546.76	-58.03729
1546.77	-60.67541
1546.78	-58.97294
1546.79	-50.73885
1546.8	-46.64155
1546.81	-45.03083
1546.82	-47.21372
1546.83	-51.88805
1546.84	-57.22411
1546.85	-59.37334
1546.86	-55.60645
1546.87	-49.32003
1546.88	-45.13322
1546.89	-43.48832
1546.9	-45.39126
1546.91	-52.40541
1546.92	-57.17703
1546.93	-58.57792
1546.94	-55.0011
1546.95	-48.83752
1546.96	-43.16846
1546.97	-43.16534
1546.98	-46.39837
1546.99	-51.62533
1547	-56.18708
1547.01	-58.30637
1547.02	-52.90755
1547.03	-47.11816
1547.04	-43.30576
1547.05	-42.86901
1547.06	-45.89872
1547.07	-51.5404
1547.08	-57.75954
1547.09	-58.18249
1547.1	-53.57041
1547.11	-48.28432
1547.12	-44.15519
1547.13	-43.4399
1547.14	-48.36338
1547.15	-54.10668
1547.16	-57.92285
1547.17	-58.2177
1547.18	-53.53604
1547.19	-47.93537
1547.2	-43.12697
1547.21	-43.86535
1547.22	-47.41822
1547.23	-52.92032
1547.24	-56.57255
1547.25	-57.53378
1547.26	-50.34519
1547.27	-44.98328
1547.28	-41.74894
1547.29	-42.28811
1547.3	-45.78554
1547.31	-51.33563
1547.32	-56.56768
1547.33	-55.55004
1547.34	-49.99137
1547.35	-44.9756
1547.36	-41.5017
1547.37	-42.57953
1547.38	-47.10342
1547.39	-53.25588
1547.4	-56.58716
1547.41	-55.88068
1547.42	-50.76126
1547.43	-43.04252
1547.44	-41.21468
1547.45	-42.55334
1547.46	-46.69445
1547.47	-52.30956
1547.48	-56.14992
1547.49	-54.3218
1547.5	-48.42221
1547.51	-43.65827
1547.52	-41.41629
1547.53	-42.68708
1547.54	-47.31034
1547.55	-53.94337
1547.56	-56.27597
1547.57	-53.98301
1547.58	-48.55072
1547.59	-42.97412
1547.6	-40.23417
1547.61	-42.99856
1547.62	-47.7519
1547.63	-52.63119
1547.64	-55.66324
1547.65	-53.32257
1547.66	-47.69743
1547.67	-41.05832
1547.68	-39.58413
1547.69	-41.39931
1547.7	-46.27111
1547.71	-51.86255
1547.72	-55.39569
1547.73	-51.67502
1547.74	-46.07855
1547.75	-41.58796
1547.76	-39.91379
1547.77	-41.88781
1547.78	-49.4241
1547.79	-53.95777
1547.8	-55.37024
1547.81	-51.63359
1547.82	-46.22516
1547.83	-41.2313
1547.84	-39.82135
1547.85	-43.09907
1547.86	-47.83158
1547.87	-53.2592
1547.88	-54.79643
1547.89	-52.02821
1547.9	-43.86873
1547.91	-39.9281
1547.92	-38.92815
1547.93	-41.273
1547.94	-46.7085
1547.95	-52.01957
1547.96	-54.21728
1547.97	-50.89184
1547.98	-44.5777
1547.99	-40.3612
1548	-38.83294
1548.01	-41.02576
1548.02	-48.72245
1548.03	-53.2095
1548.04	-54.48862
1548.05	-50.35232
1548.06	-44.65756
1548.07	-38.81403
1548.08	-38.73253
1548.09	-42.47618
1548.1	-48.14121
1548.11	-52.20593
1548.12	-54.11401
1548.13	-47.70269
1548.14	-42.34562
1548.15	-38.80144
1548.16	-38.21182
1548.17	-41.05832
1548.18	-46.55205
1548.19	-53.32257
1548.2	-53.30585
1548.21	-48.47951
1548.22	-42.78105
1548.23	-38.28263
1548.24	-37.54465
1548.25	-42.71073
1548.26	-48.09708
1548.27	-52.39036
1548.28	-52.86299
1548.29	-48.43936
1548.3	-42.42639
1548.31	-37.2346
1548.32	-37.87184
1548.33	-41.48455
1548.34	-47.56015
1548.35	-51.42395
1548.36	-50.52038
1548.37	-46.10476
1548.38	-40.31615
1548.39	-37.17703
1548.4	-37.15619
1548.41	-40.87273
1548.42	-49.07235
1548.43	-52.31552
1548.44	-51.45089
1548.45	-46.27557
1548.46	-40.32364
1548.47	-37.1302
1548.48	-38.40195
1548.49	-42.29657
1548.5	-47.93537
1548.51	-51.66672
1548.52	-51.45089
1548.53	-46.48629
1548.54	-38.8709
1548.55	-36.29952
1548.56	-37.22411
1548.57	-40.91274
1548.58	-47.04311
1548.59	-51.10182
1548.6	-49.97542
1548.61	-43.99704
1548.62	-39.08918
1548.63	-36.25249
1548.64	-36.70988
1548.65	-43.89357
1548.66	-48.66352
1548.67	-51.76128
1548.68	-50.35232
1548.69	-44.88643
1548.7	-39.72988
1548.71	-35.5934
1548.72	-37.41501
1548.73	-42.38069
1548.74	-47.92457
1548.75	-51.07078
1548.76	-50.08079
1548.77	-41.01764
1548.78	-36.97592
1548.79	-35.31112
1548.8	-36.62135
1548.81	-41.01764
1548.82	-47.1889
1548.83	-53.02319
1548.84	-50.29544
1548.85	-45.27386
1548.86	-40.38381
1548.87	-38.08928
1548.88	-39.16755
1548.89	-45.99033
1548.9	-50.49133
1548.91	-52.52367
1548.92	-49.93454
1548.93	-43.97306
1548.94	-36.67534
1548.95	-35.78238
1548.96	-38.31231
1548.97	-43.65497
1548.98	-48.71654
1548.99	-51.35162
1549	-47.3776
1549.01	-41.9617
1549.02	-37.13539
1549.03	-35.32375
1549.04	-37.561
1549.05	-42.3513
1549.06	-49.54243
1549.07	-50.9375
1549.08	-47.20378
1549.09	-41.64711
1549.1	-36.94539
1549.11	-35.17749
1549.12	-38.38994
1549.13	-43.87211
1549.14	-49.12999
1549.15	-51.07853
1549.16	-47.76248
1549.17	-39.39352
1549.18	-35.70717
1549.19	-35.39145
1549.2	-38.22947
1549.21	-43.13111
1549.22	-48.33506
1549.23	-50.71651
1549.24	-46.0206
1549.25	-40.76168
1549.26	-35.9983
1549.27	-35.04996
1549.28	-37.62668
1549.29	-45.13713
1549.3	-49.62294
1549.31	-50.35946
1549.32	-46.39385
1549.33	-40.68322
1549.34	-36.23843
1549.35	-35.21486
1549.36	-38.88359
1549.37	-44.60833
1549.38	-49.36023
1549.39	-50.51311
1549.4	-44.49978
1549.41	-38.54121
1549.42	-35.33219
1549.43	-35.14853
1549.44	-38.12994
1549.45	-43.5446
1549.46	-50.06697
1549.47	-50.32383
1549.48	-45.41681
1549.49	-39.75792
1549.5	-35.82692
1549.51	-35.35753
1549.52	-40.57454
1549.53	-47.09852
1549.54	-52.79658
1549.55	-55.90768
1549.56	-53.87177
1549.57	-49.44978
1549.58	-44.21598
1549.59	-44.63045
1549.6	-48.53913
1549.61	-53.33261
1549.62	-56.10831
1549.63	-53.99747
1549.64	-48.74811
1549.65	-42.08107
1549.66	-35.67201
1549.67	-32.90117
1549.68	-31.63359
1549.69	-24.20543
1549.7	-20.21935
1549.71	-15.67201
1549.72	-9.07235
1549.73	-3.56852
1549.74	0
1549.75	-1.1156
1549.76	-5.51162
1549.77	-13.07509
1549.78	-20.64425
1549.79	-28.00767
1549.8	-38.93453
1549.81	-47.36242
1549.82	-54.42759
1549.83	-55.93929
1549.84	-57.39894
1549.85	-59.48149
1549.86	-62.27122
1549.87	-64.77437
1549.88	-63.10836
1549.89	-60.98523
1549.9	-59.9281
1549.91	-60.39136
1549.92	-64.55937
1549.93	-64.86997
1549.94	-63.20389
1549.95	-59.50874
1549.96	-53.43034
1549.97	-47.7943
1549.98	-44.01766
1549.99	-45.65027
1550	-49.54243
1550.01	-53.03614
1550.02	-53.98301
1550.03	-48.74218
1550.04	-42.42067
1550.05	-37.49581
1550.06	-35.62389
1550.07	-36.90991
1550.08	-41.34857
1550.09	-48.62836
1550.1	-50.59585
1550.11	-48.22084
1550.12	-42.93962
1550.13	-37.42038
1550.14	-34.77267
1550.15	-37.23986
1550.16	-42.47042
1550.17	-47.5223
1550.18	-50.23658
1550.19	-48.25999
1550.2	-40.30867
1550.21	-35.73806
1550.22	-34.33307
1550.23	-36.0623
1550.24	-40.93684
1550.25	-46.65552
1550.26	-50.05318
1550.27	-46.23551
1550.28	-40.69885
1550.29	-36.1592
1550.3	-34.35566
1550.31	-35.92573
1550.32	-43.18407
1550.33	-47.98049
1550.34	-50.17346
1550.35	-47.60163
1550.36	-41.89319
1550.37	-35.22319
1550.38	-34.60035
1550.39	-37.22411
1550.4	-42.35698
1550.41	-47.81026
1550.42	-50.30253
1550.43	-45.71695
1550.44	-40.21935
1550.45	-36.03481
1550.46	-34.54623
1550.47	-36.81432
1550.48	-41.63141
1550.49	-49.32636
1550.5	-50.34519
1550.51	-46.61832
1550.52	-40.80118
1550.53	-36.41821
1550.54	-34.59648
1550.55	-38.01428
1550.56	-43.2552
1550.57	-48.60888
1550.58	-50.56656
1550.59	-47.69218
1550.6	-39.13481
1550.61	-35.54571
1550.62	-35.01329
1550.63	-37.91148
1550.64	-43.10526
1550.65	-48.34072
1550.66	-50.40479
1550.67	-46.26665
1550.68	-40.33865
1550.69	-36.10369
1550.7	-35.0786
1550.71	-37.63767
1550.72	-45.52389
1550.73	-49.86008
1550.74	-50.68681
1550.75	-46.86146
1550.76	-41.10739
1550.77	-35.46395
1550.78	-35.35753
1550.79	-38.7076
1550.8	-44.37582
1550.81	-49.26321
1550.82	-51.03984
1550.83	-45.16849
1550.84	-39.61861
1550.85	-35.9167
1550.86	-35.55437
1550.87	-38.39594
1550.88	-43.62094
1550.89	-50.41915
1550.9	-50.76874
1550.91	-46.08292
1550.92	-40.51305
1550.93	-36.32313
1550.94	-36.49986
1550.95	-40.38381
1550.96	-46.22072
1550.97	-50.39761
1550.98	-51.35162
1550.99	-47.31536
1551	-39.49511
1551.01	-36.00741
1551.02	-36.13603
1551.03	-39.46111
1551.04	-45.42085
1551.05	-50.06007
1551.06	-50.55925
1551.07	-45.39932
1551.08	-39.88524
1551.09	-36.41343
1551.1	-36.06689
1551.11	-41.05832
1551.12	-47.07892
1551.13	-51.09405
1551.14	-51.15904
1551.15	-46.12666
1551.16	-40.76957
1551.17	-36.05771
1551.18	-37.07331
1551.19	-40.93684
1551.2	-46.6369
1551.21	-50.88425
1551.22	-50.71651
1551.23	-45.00252
1551.24	-39.5635
1551.25	-36.49022
1551.26	-36.81932
1551.27	-40.31615
1551.28	-48.52756
1551.29	-51.79491
1551.3	-51.10182
1551.31	-46.11351
1551.32	-40.55913
1551.33	-37.08363
1551.34	-37.72058
1551.35	-42.2853
1551.36	-47.82091
1551.37	-51.83712
1551.38	-51.5404
1551.39	-44.12728
1551.4	-39.04379
1551.41	-36.64585
1551.42	-37.49581
1551.43	-41.43331
1551.44	-46.80438
1551.45	-52.46889
1551.46	-50.84641
1551.47	-45.46138
1551.48	-39.78605
1551.49	-36.94031
1551.5	-37.20315
1551.51	-43.52507
1551.52	-48.89966
1551.53	-52.37234
1551.54	-51.65014
1551.55	-46.88217
1551.56	-39.01796
1551.57	-36.94539
1551.58	-38.33016
1551.59	-43.14665
1551.6	-48.52756
1551.61	-52.18241
1551.62	-50.26714
1551.63	-44.86997
1551.64	-39.84968
1551.65	-37.34559
1551.66	-37.99706
1551.67	-44.69095
1551.68	-50.20847
1551.69	-53.08811
1551.7	-51.32765
1551.71	-46.05533
1551.72	-41.02576
1551.73	-37.49581
1551.74	-39.31309
1551.75	-44.29494
1551.76	-49.764
1551.77	-53.04262
1551.78	-52.69946
1551.79	-44.53013
1551.8	-39.7931
1551.81	-37.74282
1551.82	-39.23341
1551.83	-43.34812
1551.84	-51.58139
1551.85	-53.76897
1551.86	-51.41589
1551.87	-45.90299
1551.88	-41.05017
1551.89	-38.21182
1551.9	-40.49775
1551.91	-45.51162
1551.92	-51.20613
1551.93	-53.94337
1551.94	-52.65285
1551.95	-47.08382
1551.96	-39.97117
1551.97	-38.33016
1551.98	-40.15296
1551.99	-44.49614
1552	-50.3809
1552.01	-54.3406
1552.02	-51.34363
1552.03	-45.17373
1552.04	-40.65982
1552.05	-38.60862
1552.06	-40.01445
1552.07	-46.91572
1552.08	-52.22656
1552.09	-54.61588
1552.1	-52.82814
1552.11	-47.22366
1552.12	-40.0725
1552.13	-38.87724
1552.14	-41.3149
1552.15	-46.33076
1552.16	-51.50774
1552.17	-54.72533
1552.18	-51.00901
1552.19	-45.29376
1552.2	-40.87273
1552.21	-39.19383
1552.22	-40.77746
1552.23	-48.51601
1552.24	-53.25256
1552.25	-55.2985
1552.26	-52.05999
1552.27	-46.79017
1552.28	-41.6227
1552.29	-39.63244
1552.3	-42.43595
1552.31	-47.60682
1552.32	-52.55425
1552.33	-55.4811
1552.34	-53.61876
1552.35	-45.49937
1552.36	-40.86475
1552.37	-39.77197
1552.38	-41.69787
1552.39	-46.89174
1552.4	-54.3406
1552.41	-55.69837
1552.42	-52.22951
1552.43	-46.93976
1552.44	-42.06731
1552.45	-40.0725
1552.46	-43.57506
1552.47	-49.37935
1552.48	-54.13236
1552.49	-56.26188
1552.5	-53.34938
1552.51	-45.37515
1552.52	-41.20638
1552.53	-40.55913
1552.54	-42.80794
1552.55	-47.94077
1552.56	-53.33261
1552.57	-56.33733
1552.58	-51.93642
1552.59	-46.48629
1552.6	-42.23939
1552.61	-40.73807
1552.62	-44.6761
1552.63	-50.45517
1552.64	-55.09911
1552.65	-56.85947
1552.66	-53.67784
1552.67	-47.89227
1552.68	-41.64711
1552.69	-41.43331
1552.7	-44.42255
1552.71	-49.5815
1552.72	-54.9525
1552.73	-57.20838
1552.74	-52.20004
1552.75	-46.64621
1552.76	-42.75622
1552.77	-41.44183
1552.78	-43.74229
1552.79	-51.4996
1552.8	-56.16384
1552.81	-57.2346
1552.82	-53.55665
1552.83	-47.61723
1552.84	-43.12076
1552.85	-41.83324
1552.86	-45.11369
1552.87	-50.18046
1552.88	-55.33219
1552.89	-57.55555
1552.9	-51.94213
1552.91	-46.06548
1552.92	-42.42353
1552.93	-41.87884
1552.94	-44.78188
1552.95	-49.85334
1552.96	-56.63114
1552.97	-57.45263
1552.98	-53.49839
1552.99	-47.58086
1553	-43.28361
1553.01	-42.47042
1553.02	-46.33526
1553.03	-51.73336
1553.04	-56.04855
1553.05	-57.55555
1553.06	-53.95417
1553.07	-45.52389
1553.08	-42.09484
1553.09	-41.72425
1553.1	-44.76312
1553.11	-49.94814
1553.12	-55.68518
1553.13	-54.72927
1553.14	-49.69539
1553.15	-44.19489
1553.16	-40.13095
1553.17	-39.32645
1553.18	-44.2195
1553.19	-50.33806
1553.2	-56.33259
1553.21	-60.8091
1553.22	-59.7509
1553.23	-52.87888
1553.24	-49.52944
1553.25	-49.6558
1553.26	-52.60649
1553.27	-58.00853
1553.28	-62.11784
1553.29	-61.75159
1553.3	-56.43257
1553.31	-51.1434
1553.32	-47.11324
1553.33	-46.43162
1553.34	-49.0539
1553.35	-57.14578
1553.36	-61.17326
1553.37	-61.56199
1553.38	-56.85444
1553.39	-51.40783
1553.4	-46.13543
1553.41	-46.4407
1553.42	-49.47769
1553.43	-55.34063
1553.44	-60.07979
1553.45	-61.77016
1553.46	-55.18578
1553.47	-49.94134
1553.48	-46.55205
1553.49	-46.30685
1553.5	-49.06004
1553.51	-57.13539
1553.52	-61.29812
1553.53	-61.77813
1553.54	-57.02704
1553.55	-51.24557
1553.56	-47.24359
1553.57	-47.2386
1553.58	-51.00901
1553.59	-56.45174
1553.6	-61.05832
1553.61	-62.25342
1553.62	-55.43402
1553.63	-50.24363
1553.64	-47.03824
1553.65	-46.86146
1553.66	-49.95495
1553.67	-55.34908
1553.68	-61.87884
1553.69	-61.71369
1553.7	-57.08879
1553.71	-51.32765
1553.72	-47.63286
1553.73	-47.81558
1553.74	-51.73336
1553.75	-57.08363
1553.76	-61.84663
1553.77	-62.7473
1553.78	-58.55343
1553.79	-50.20146
1553.8	-47.4284
1553.81	-47.68168
1553.82	-51.36765
1553.83	-56.60668
1553.84	-62.91837
1553.85	-62.40923
1553.86	-57.61569
1553.87	-51.90509
1553.88	-48.24319
1553.89	-47.71321
1553.9	-53.12729
1553.91	-58.59018
1553.92	-62.76515
1553.93	-63.23213
1553.94	-58.80773
1553.95	-50.77622
1553.96	-48.0751
1553.97	-48.47377
1553.98	-52.17948
1553.99	-57.75396
1554	-62.42353
1554.01	-62.42353
1554.02	-57.22411
1554.03	-52.03976
1554.04	-48.64592
1554.05	-48.60305
1554.06	-54.12502
1554.07	-59.62552
1554.08	-63.58814
1554.09	-63.89017
1554.1	-59.20042
1554.11	-53.71978
1554.12	-48.64006
1554.13	-49.3666
1554.14	-53.16994
1554.15	-58.9154
1554.16	-63.33857
1554.17	-63.09288
1554.18	-57.87184
1554.19	-52.86299
1554.2	-49.32003
1554.21	-49.35387
1554.22	-52.5788
1554.23	-60.87273
1554.24	-64.64153
1554.25	-64.37224
1554.26	-59.25989
1554.27	-54.01558
1554.28	-49.54243
1554.29	-50.3666
1554.3	-54.09204
1554.31	-60.13828
1554.32	-64.49978
1554.33	-65.48714
1554.34	-58.04305
1554.35	-53.07509
1554.36	-50.11774
1554.37	-50.37375
1554.38	-53.71628
1554.39	-61.9617
1554.4	-65.61988
1554.41	-65.33503
1554.42	-60.0725
1554.43	-54.57325
1554.44	-50.30962
1554.45	-51.60058
1554.46	-55.75133
1554.47	-61.30651
1554.48	-65.48714
1554.49	-66.06984
1554.5	-58.67035
1554.51	-53.7725
1554.52	-50.96042
1554.53	-51.1904
1554.54	-54.82026
1554.55	-62.91837
1554.56	-66.7132
1554.57	-65.6323
1554.58	-60.65982
1554.59	-55.04996
1554.6	-51.67502
1554.61	-52.45979
1554.62	-56.56768
1554.63	-61.978
1554.64	-66.57511
1554.65	-66.83763
1554.66	-59.57725
1554.67	-54.14339
1554.68	-51.74173
1554.69	-52.35436
1554.7	-56.10831
1554.71	-61.55335
1554.72	-67.48633
1554.73	-66.5107
1554.74	-61.89588
1554.75	-55.9983
1554.76	-52.58494
1554.77	-53.43034
1554.78	-58.16494
1554.79	-63.70903
1554.8	-67.68168
1554.81	-67.66073
1554.82	-63.04559
1554.83	-55.10732
1554.84	-52.65905
1554.85	-53.1568
1554.86	-57.15619
1554.87	-62.80794
1554.88	-68.64006
1554.89	-66.98967
1554.9	-61.76751
1554.91	-56.59203
1554.92	-53.34267
1554.93	-53.35274
1554.94	-59.04379
1554.95	-64.50827
1554.96	-68.06961
1554.97	-68.232
1554.98	-63.31951
1554.99	-55.54139
1555	-52.97482
1555.01	-53.88247
1555.02	-57.72613
1555.03	-63.59469
1555.04	-68.1763
1555.05	-67.74485
1555.06	-62.53205
1555.07	-57.57737
1555.08	-54.11768
1555.09	-54.27312
1555.1	-60.03618
1555.11	-66.23995
1555.12	-69.73738
1555.13	-69.43693
1555.14	-64.38299
1555.15	-56.90485
1555.16	-54.52314
1555.17	-55.57603
1555.18	-59.14789
1555.19	-65.1528
1555.2	-69.87357
1555.21	-69.56846
1555.22	-63.91734
1555.23	-58.96012
1555.24	-55.9574
1555.25	-56.09448
1555.26	-61.273
1555.27	-65.04243
1555.28	-65.62816
1555.29	-63.49155
1555.3	-57.27672
1555.31	-51.49146
1555.32	-47.09361
1555.33	-48.38042
1555.34	-52.46889
1555.35	-58.63326
1555.36	-64.67239
1555.37	-66.35324
1555.38	-61.51889
1555.39	-56.84439
1555.4	-53.91466
1555.41	-54.0192
1555.42	-57.3829
1555.43	-65.58685
1555.44	-69.74402
1555.45	-69.04162
1555.46	-64.61938
1555.47	-58.95372
1555.48	-54.70176
1555.49	-55.8448
1555.5	-59.75792
1555.51	-65.23288
1555.52	-69.77067
1555.53	-69.08467
1555.54	-63.58487
1555.55	-58.25306
1555.56	-55.56736
1555.57	-55.88517
1555.58	-59.65323
1555.59	-67.57568
1555.6	-71.22188
1555.61	-70.53736
1555.62	-66.01627
1555.63	-60.33865
1555.64	-56.04855
1555.65	-56.95047
1555.66	-61.44183
1555.67	-66.96065
1555.68	-71.02441
1555.69	-71.57317
1555.7	-64.72074
1555.71	-59.51557
1555.72	-56.78435
1555.73	-57.02704
1555.74	-60.46722
1555.75	-68.68116
1555.76	-72.20887
1555.77	-71.27989
1555.78	-66.2845
1555.79	-61.273
1555.8	-57.62118
1555.81	-58.28263
1555.82	-62.43595
1555.83	-67.92457
1555.84	-71.95928
1555.85	-72.64356
1555.86	-65.60335
1555.87	-60.69103
1555.88	-57.6597
1555.89	-58.14159
1555.9	-61.29812
1555.91	-68.71063
1555.92	-71.32765
1555.93	-69.92095
1555.94	-64.68352
1555.95	-59.40025
1555.96	-55.60645
1555.97	-56.28539
1555.98	-60.51305
1555.99	-66.75552
1556	-71.1434
1556.01	-72.13265
1556.02	-65.20523
1556.03	-60.33114
1556.04	-57.55555
1556.05	-57.97988
1556.06	-61.23963
1556.07	-66.86146
1556.08	-73.02966
1556.09	-72.39939
1556.1	-67.3776
1556.11	-62.07006
1556.12	-58.72006
1556.13	-59.38679
1556.14	-63.42918
1556.15	-69.11142
1556.16	-73.04262
1556.17	-73.60838
1556.18	-66.7461
1556.19	-61.54472
1556.2	-58.75127
1556.21	-59.36663
1556.22	-62.95584
1556.23	-68.10809
1556.24	-73.95417
1556.25	-73.32591
1556.26	-68.60888
1556.27	-63.33221
1556.28	-59.94243
1556.29	-60.24902
1556.3	-64.45263
1556.31	-70.10849
1556.32	-74.27685
1556.33	-74.55394
1556.34	-70.49859
1556.35	-62.48867
1556.36	-59.72988
1556.37	-60.0725
1556.38	-63.60125
1556.39	-68.63421
1556.4	-75.09911
1556.41	-74.16549
1556.42	-69.3985
1556.43	-63.74229
1556.44	-60.4901
1556.45	-61.091
1556.46	-65.33903
1556.47	-70.74632
1556.48	-74.71354
1556.49	-74.9525
1556.5	-71.35963
1556.51	-63.31316
1556.52	-60.30119
1556.53	-60.4596
1556.54	-64.25596
1556.55	-69.51647
1556.56	-75.21903
1556.57	-74.45043
1556.58	-69.64264
1556.59	-64.14472
1556.6	-60.56683
1556.61	-60.7538
1556.62	-65.05405
1556.63	-71.02441
1556.64	-75.32797
1556.65	-75.98919
1556.66	-71.92501
1556.67	-64.35672
1556.68	-61.45889
1556.69	-61.77282
1556.7	-65.15672
1556.71	-70.58119
1556.72	-76.67042
1556.73	-77.35091
1556.74	-72.66215
1556.75	-67.69218
1556.76	-63.78349
1556.77	-63.2552
1556.78	-68.04588
1556.79	-73.67784
1556.8	-77.44186
1556.81	-78.38994
1556.82	-74.87212
1556.83	-67.38267
1556.84	-63.97648
1556.85	-64.20895
1556.86	-67.5223
1556.87	-73.01673
1556.88	-79.05674
1556.89	-78.63943
1556.9	-74.00471
1556.91	-68.74811
1556.92	-64.88643
1556.93	-64.19489
1556.94	-68.50254
1556.95	-74.29181
1556.96	-78.43203
1556.97	-79.7509
1556.98	-75.4811
1556.99	-67.84226
1557	-64.66868
1557.01	-64.85481
1557.02	-67.92997
1557.03	-73.28916
1557.04	-79.03087
1557.05	-79.63936
1557.06	-74.83618
1557.07	-69.30737
1557.08	-65.68771
1557.09	-64.82833
1557.1	-69.30105
1557.11	-75.20654
1557.12	-78.94732
1557.13	-79.97837
1557.14	-76.60179
1557.15	-69.11761
1557.16	-65.63644
1557.17	-65.42085
1557.18	-68.36906
1557.19	-73.56008
1557.2	-79.77197
1557.21	-79.84259
1557.22	-75.81353
1557.23	-70.30962
1557.24	-66.45436
1557.25	-65.29774
1557.26	-69.29473
1557.27	-74.65091
1557.28	-79.49511
1557.29	-80.4596
1557.3	-77.51749
1557.31	-69.3985
1557.32	-66.18974
1557.33	-66.00329
1557.34	-68.88157
1557.35	-73.86464
1557.36	-80.41404
1557.37	-80.73807
1557.38	-77.69285
1557.39	-71.72501
1557.4	-67.46584
1557.41	-66.14422
1557.42	-70.46962
1557.43	-75.6764
1557.44	-79.97837
1557.45	-81.45889
1557.46	-78.45013
1557.47	-70.61054
1557.48	-67.27523
1557.49	-66.65552
1557.5	-69.3137
1557.51	-74.22471
1557.52	-80.66761
1557.53	-81.44183
1557.54	-77.28199
1557.55	-72.265
1557.56	-68.15227
1557.57	-66.7085
1557.58	-70.60319
1557.59	-75.61517
1557.6	-80.08708
1557.61	-81.86272
1557.62	-79.5635
1557.63	-71.5159
1557.64	-67.86544
1557.65	-67.18395
1557.66	-69.92774
1557.67	-74.82424
1557.68	-80.88872
1557.69	-82.2114
1557.7	-78.87724
1557.71	-73.60492
1557.72	-69.02936
1557.73	-67.82624
1557.74	-71.35963
1557.75	-76.59691
1557.76	-80.89672
1557.77	-82.3978
1557.78	-79.88524
1557.79	-73.12075
1557.8	-68.62251
1557.81	-67.86009
1557.82	-69.85334
1557.83	-74.89615
1557.84	-81.24796
1557.85	-82.93962
1557.86	-79.81427
1557.87	-74.51546
1557.88	-69.84661
1557.89	-68.23759
1557.9	-71.16687
1557.91	-76.43257
1557.92	-80.88072
1557.93	-83.2931
1557.94	-81.34857
1557.95	-73.75489
1557.96	-69.52295
1557.97	-68.55072
1557.98	-70.58852
1557.99	-75.34485
1558	-82.42353
1558.01	-83.61109
1558.02	-80.92077
1558.03	-75.81799
1558.04	-71.60882
1558.05	-69.26321
1558.06	-71.80333
1558.07	-76.87961
1558.08	-81.91477
1558.09	-84.44902
1558.1	-82.25623
1558.11	-75.84928
1558.12	-71.15904
1558.13	-69.47769
1558.14	-70.89943
1558.15	-75.17334
1558.16	-82.23659
1558.17	-84.35315
1558.18	-81.3149
1558.19	-76.65567
1558.2	-72.26203
1558.21	-70.06697
1558.22	-72.75258
1558.23	-77.35623
1558.24	-81.96985
1558.25	-85.09809
1558.26	-82.41209
1558.27	-76.82433
1558.28	-72.03687
1558.29	-70.35232
1558.3	-71.82021
1558.31	-76.27597
1558.32	-83.38749
1558.33	-85.85469
1558.34	-83.64178
1558.35	-79.01151
1558.36	-74.15444
1558.37	-71.19826
1558.38	-73.19959
1558.39	-77.67626
1558.4	-83.21957
1558.41	-85.83346
1558.42	-82.91231
1558.43	-78.02577
1558.44	-73.44051
1558.45	-71.53222
1558.46	-72.49623
1558.47	-76.42778
1558.48	-83.72232
1558.49	-86.24884
1558.5	-85.47764
1558.51	-79.44078
1558.52	-74.62754
1558.53	-71.65842
1558.54	-73.34603
1558.55	-77.22411
1558.56	-82.88107
1558.57	-85.0231
1558.58	-83.69907
1558.59	-79.41374
1558.6	-74.53468
1558.61	-72.36934
1558.62	-73.00704
1558.63	-79.4679
1558.64	-84.25596
1558.65	-86.44525
1558.66	-85.33903
1558.67	-81.38237
1558.68	-76.84941
1558.69	-72.74632
1558.7	-73.90034
1558.71	-77.61569
1558.72	-83.89017
1558.73	-86.47259
1558.74	-84.80194
1558.75	-81.05832
1558.76	-75.42123
1558.77	-72.92992
1558.78	-73.9075
1558.79	-80.1163
1558.8	-84.07403
1558.81	-87.75719
1558.82	-86.01627
1558.83	-82.22819
1558.84	-77.40965
1558.85	-73.45749
1558.86	-74.60811
1558.87	-78.75127
1558.88	-83.69134
1558.89	-87.5223
1558.9	-86.47259
1558.91	-81.54472
1558.92	-77.43111
1558.93	-74.30679
1558.94	-74.56552
1558.95	-80.51305
1558.96	-84.88263
1558.97	-88.62251
1558.98	-87.59124
1558.99	-83.66487
1559	-76.25718
1559.01	-74.56166
1559.02	-76.00741
1559.03	-78.95372
1559.04	-84.49251
1559.05	-89.30105
1559.06	-87.61203
1559.07	-82.48867
1559.08	-78.21182
1559.09	-75.13202
1559.1	-75.63262
1559.11	-81.46744
1559.12	-85.98601
1559.13	-88.63421
1559.14	-89.45621
1559.15	-84.51555
1559.16	-77.6597
1559.17	-75.53707
1559.18	-76.23843
1559.19	-79.63936
1559.2	-84.17385
1559.21	-89.81079
1559.22	-89.25692
1559.23	-85.26591
1559.24	-79.34651
1559.25	-76.00285
1559.26	-77.75396
1559.27	-81.36545
1559.28	-86.49086
1559.29	-89.61639
1559.3	-89.78402
1559.31	-86.01627
1559.32	-79.24002
1559.33	-76.31368
1559.34	-76.84941
1559.35	-79.40025
1559.36	-84.94365
1559.37	-89.70863
1559.38	-89.23807
1559.39	-84.98713
1559.4	-80.73807
1559.41	-77.25563
1559.42	-77.93992
1559.43	-81.3739
1559.44	-87.40297
1559.45	-89.52944
1559.46	-91.26932
1559.47	-85.66689
1559.48	-80.70668
1559.49	-77.5501
1559.5	-77.78188
1559.51	-80.36873
1559.52	-84.85481
1559.53	-89.73738
1559.54	-90.04629
1559.55	-86.2622
1559.56	-81.97256
1559.57	-78.57179
1559.58	-78.2177
1559.59	-81.90397
1559.6	-86.38029
1559.61	-90.27421
1559.62	-90.54465
1559.63	-86.34874
1559.64	-81.84395
1559.65	-78.43806
1559.66	-78.14742
1559.67	-80.62095
1559.68	-86.5107
1559.69	-89.93454
1559.7	-91.214
1559.71	-88.12463
1559.72	-83.23841
1559.73	-78.59018
1559.74	-78.98578
1559.75	-81.72161
1559.76	-87.20378
1559.77	-91.1904
1559.78	-91.30374
1559.79	-88.22084
1559.8	-83.24785
1559.81	-79.4679
1559.82	-78.8963
1559.83	-81.12381
1559.84	-87.85473
1559.85	-90.05318
1559.86	-93.0816
1559.87	-90.20146
1559.88	-84.94875
1559.89	-80.04343
1559.9	-79.29976
1559.91	-81.78966
1559.92	-86.90132
1559.93	-90.00507
1559.94	-92.33044
1559.95	-88.68116
1559.96	-84.82078
1559.97	-80.58226
1559.98	-79.41374
1559.99	-81.3149
1560	-87.36748
1560.01	-91.65842
1560.02	-93.69529
1560.03	-90.53736
1560.04	-85.89302
1560.05	-81.05017
1560.06	-79.92094
1560.07	-82.58245
1560.08	-86.54285
1560.09	-90.01879
1560.1	-92.22361
1560.11	-89.94134
1560.12	-86.3203
1560.13	-82.32295
1560.14	-80.57454
1560.15	-83.98333
1560.16	-89.1238
1560.17	-91.64186
1560.18	-92.75258
1560.19	-92.58187
1560.2	-85.77711
1560.21	-81.94542
1560.22	-80.83291
1560.23	-82.05358
1560.24	-87.5223
1560.25	-91.00132
1560.26	-91.214
1560.27	-91.05529
1560.28	-86.93495
1560.29	-83.34494
1560.3	-80.87273
1560.31	-83.3747
1560.32	-87.86544
1560.33	-91.32765
1560.34	-92.40541
1560.35	-91.03212
1560.36	-86.24884
1560.37	-82.70185
1560.38	-81.49312
1560.39	-83.09907
1560.4	-87.04798
1560.41	-92.92352
1560.42	-93.99747
1560.43	-91.4428
1560.44	-88.49102
1560.45	-84.52284
1560.46	-82.22819
1560.47	-84.25596
1560.48	-87.67644
1560.49	-91.84559
1560.5	-93.30251
1560.51	-92.11225
1560.52	-87.48633
1560.53	-84.67981
1560.54	-82.55624
1560.55	-83.28677
1560.56	-86.09602
1560.57	-92.85347
1560.58	-95.23987
1560.59	-92.74945
1560.6	-89.36023
1560.61	-85.76869
1560.62	-82.53205
1560.63	-84.67239
1560.64	-86.88695
1560.65	-90.92987
1560.66	-96.19639
1560.67	-93.94337
1560.68	-88.91174
1560.69	-84.96408
1560.7	-82.12891
1560.71	-82.83592
1560.72	-87.79962
1560.73	-92.03976
1560.74	-94.86412
1560.75	-92.91074
1560.76	-91.60058
1560.77	-85.25401
1560.78	-82.85696
1560.79	-83.62423
1560.8	-87.66596
1560.81	-91.49146
1560.82	-94.62754
1560.83	-94.49245
1560.84	-90.79122
1560.85	-86.55205
1560.86	-83.53158
1560.87	-83.07743
1560.88	-87.93537
1560.89	-93.0816
1560.9	-95.54139
1560.91	-95.64136
1560.92	-92.24723
1560.93	-86.43162
1560.94	-83.12386
1560.95	-84.09251
1560.96	-86.86783
1560.97	-91.10182
1560.98	-94.99298
1560.99	-95.51119
1561	-92.48103
1561.01	-87.6433
1561.02	-85.09809
1561.03	-84.82078
1561.04	-88.2656
1561.05	-92.70569
1561.06	-96.03024
1561.07	-93.96497
1561.08	-91.69998
1561.09	-87.19386
1561.1	-84.75188
1561.11	-84.57036
1561.12	-86.82812
1561.13	-93.5911
1561.14	-95.50259
1561.15	-94.69784
1561.16	-92.09189
1561.17	-89.32636
1561.18	-86.15888
1561.19	-85.20523
1561.2	-87.1889
1561.21	-91.5404
1561.22	-94.35566
1561.23	-95.94381
1561.24	-92.79658
1561.25	-88.80762
1561.26	-85.95013
1561.27	-85.17766
1561.28	-86.97031
1561.29	-92.60033
1561.3	-93.85752
1561.31	-95.60645
1561.32	-94.13971
1561.33	-90.3809
1561.34	-86.36225
1561.35	-85.85044
1561.36	-87.83692
1561.37	-91.53222
1561.38	-94.26192
1561.39	-94.09204
1561.4	-92.30361
1561.41	-91.23767
1561.42	-86.33076
1561.43	-86.36225
1561.44	-87.41313
1561.45	-92.16189
1561.46	-96.00741
1561.47	-97.11983
1561.48	-93.88961
1561.49	-91.47521
1561.5	-86.76496
1561.51	-86.16769
1561.52	-88.68705
1561.53	-90.59585
1561.54	-94.07742
1561.55	-95.6501
1561.56	-93.95777
1561.57	-90.83887
1561.58	-87.17899
1561.59	-84.88643
1561.6	-87.36242
1561.61	-91.60882
1561.62	-92.95555
1561.63	-95.22319
1561.64	-94.68608
1561.65	-90.08079
1561.66	-86.89653
1561.67	-84.86239
1561.68	-86.45891
1561.69	-90.44074
1561.7	-95.92121
1561.71	-93.54634
1561.72	-92.74632
1561.73	-89.99137
1561.74	-86.92052
1561.75	-83.96621
1561.76	-85.13322
1561.77	-88.38042
1561.78	-92.8503
1561.79	-90.81375
1561.8	-87.27523
1561.81	-82.44455
1561.82	-77.97416
1561.83	-76.40866
1561.84	-76.79932
1561.85	-81.01764
1561.86	-88.65765
1561.87	-92.4386
1561.88	-95.61517
1561.89	-100.4292
1561.9	-97.21362
1561.91	-95.41271
1561.92	-94.52699
1561.93	-95.9167
1561.94	-98.80144
1561.95	-96.58716
1561.96	-98.33612
1561.97	-95.52844
1561.98	-95.34063
1561.99	-92.0571
1562	-92.47799
1562.01	-95.36177
1562.02	-96.83435
1562.03	-98.9154
1562.04	-103.25205
1562.05	-95.47252
1562.06	-94.10668
1562.07	-91.99942
1562.08	-91.60058
1562.09	-93.30251
1562.1	-95.90317
1562.11	-98.41397
1562.12	-99.43401
1562.13	-94.52314
1562.14	-92.01381
1562.15	-92.20887
1562.16	-90.96042
1562.17	-93.6639
1562.18	-94.88012
1562.19	-98.9154
1562.2	-110.44795
1562.21	-96.74455
1562.22	-92.57572
1562.23	-92.76199
1562.24	-90.9375
1562.25	-91.86255
1562.26	-94.33683
1562.27	-96.93524
1562.28	-97.28728
1562.29	-101.29812
1562.3	-92.8155
1562.31	-89.80409
1562.32	-90.53008
1562.33	-93.87177
1562.34	-95.31954
1562.35	-94.70568
1562.36	-95.74691
1562.37	-98.04305
1562.38	-96.37054
1562.39	-92.59417
1562.4	-91.17471
1562.41	-92.86934
1562.42	-97.01168
1562.43	-99.41374
1562.44	-97.00144
1562.45	-97.65419
1562.46	-94.92026
1562.47	-92.01957
1562.48	-89.64264
1562.49	-92.84396
1562.5	-94.11035
1562.51	-97.80428
1562.52	-101.66808
1562.53	-95.49399
1562.54	-95.03772
1562.55	-91.52405
1562.56	-92.22656
1562.57	-94.29181
1562.58	-96.18708
1562.59	-100.65203
1562.6	-94.54623
1562.61	-96.03024
1562.62	-97.13539
1562.63	-93.31253
1562.64	-90.69422
1562.65	-94.63922
1562.66	-91.92786
1562.67	-96.39435
1562.68	-94.88813
1562.69	-96.97592
1562.7	-94.77267
1562.71	-92.79028
1562.72	-91.76968
1562.73	-94.62365
1562.74	-95.6021
1562.75	-98.02002
1562.76	-98.31231
1562.77	-96.99633
1562.78	-94.93234
1562.79	-93.6153
1562.8	-92.77455
1562.81	-91.4996
1562.82	-96.08067
1562.83	-98.97294
1562.84	-98.94732
1562.85	-98.37795
1562.86	-95.70277
1562.87	-93.15023
1562.88	-90.90703
1562.89	-93.8682
1562.9	-95.9801
1562.91	-100.58999
1562.92	-100.77746
1562.93	-103.66487
1562.94	-97.3829
1562.95	-99.73688
1562.96	-94.4695
1562.97	-96.2478
1562.98	-97.69285
1562.99	-103.72564
1563	-97.05786
1563.01	-96.69506
1563.02	-97.561
1563.03	-93.36282
1563.04	-91.64186
1563.05	-92.53589
1563.06	-94.09936
1563.07	-101.4078
1563.08	-99.08268
1563.09	-98.02577
1563.1	-96.8897
1563.11	-97.41501
1563.12	-93.13712
1563.13	-96.4854
1563.14	-94.29181
1563.15	-101.10739
1563.16	-98.46827
1563.17	-98.0777
1563.18	-95.6764
1563.19	-94.76476
1563.2	-93.52233
1563.21	-93.1568
1563.22	-95.96647
1563.23	-98.59018
1563.24	-97.80428
1563.25	-101.73306
1563.26	-96.82433
1563.27	-96.28539
1563.28	-93.44391
1563.29	-93.31253
1563.3	-98.07191
1563.31	-100.24902
1563.32	-100.39891
1563.33	-102.46754
1563.34	-99.08268
1563.35	-97.95702
1563.36	-93.75137
1563.37	-94.01558
1563.38	-96.72472
1563.39	-97.25563
1563.4	-103.81368
1563.41	-100.67541
1563.42	-99.93526
1563.43	-94.7885
1563.44	-94.26565
1563.45	-93.54634
1563.46	-94.36698
1563.47	-95.77794
1563.48	-98.9154
1563.49	-100.30867
1563.5	-99.0697
1563.51	-95.81353
1563.52	-99.7509
1563.53	-94.96463
1563.54	-95.34063
1563.55	-99.78605
1563.56	-96.83937
1563.57	-98.14159
1563.58	-100.90473
1563.59	-97.81551
1563.6	-95.9574
1563.61	-92.95555
1563.62	-95.5155
1563.63	-101.46744
1563.64	-102.88107
1563.65	-98.45618
1563.66	-97.21886
1563.67	-96.94539
1563.68	-95.81799
1563.69	-95.62389
1563.7	-94.73714
1563.71	-98.97936
1563.72	-100.79327
1563.73	-105.26591
1563.74	-101.67595
1563.75	-96.84941
1563.76	-97.03731
1563.77	-95.65886
1563.78	-95.11966
1563.79	-97.01168
1563.8	-105.3177
1563.81	-106.11789
1563.82	-98.60247
1563.83	-98.79515
1563.84	-97.17703
1563.85	-96.83435
1563.86	-96.20572
1563.87	-101.0992
1563.88	-99.25989
1563.89	-98.54732
1563.9	-100.01445
1563.91	-100.62871
1563.92	-96.20572
1563.93	-95.3533
1563.94	-98.35402
1563.95	-95.3533
1563.96	-100.24902
1563.97	-98.36598
1563.98	-102.23379
1563.99	-96.62624
1564	-98.15909
1564.01	-98.29449
1564.02	-97.88881
1564.03	-100.22676
1564.04	-97.49581
1564.05	-98.90266
1564.06	-98.99864
1564.07	-96.53371
1564.08	-97.7707
1564.09	-95.65886
1564.1	-95.54571
1564.11	-97.0168
1564.12	-102.81393
1564.13	-99.89237
1564.14	-97.22411
1564.15	-99.18068
1564.16	-97.72613
1564.17	-96.25718
1564.18	-96.40866
1564.19	-97.80428
1564.2	-98.84558
1564.21	-97.64317
1564.22	-95.61953
1564.23	-98.94732
1564.24	-96.12678
1564.25	-94.66262
1564.26	-94.40102
1564.27	-95.69837
1564.28	-99.64629
1564.29	-106.60441
1564.3	-98.62709
1564.31	-99.28645
1564.32	-97.43111
1564.33	-97.53378
1564.34	-95.2985
1564.35	-96.77438
1564.36	-98.13576
1564.37	-96.67042
1564.38	-100.33865
1564.39	-98.68896
1564.4	-95.92573
1564.41	-99.01151
1564.42	-95.82692
1564.43	-95.31112
1564.44	-96.84941
1564.45	-98.50467
1564.46	-99.82842
1564.47	-102.60678
1564.48	-98.10088
1564.49	-96.05771
1564.5	-97.08879
1564.51	-96.18243
1564.52	-99.93526
1564.53	-98.88994
1564.54	-101.44183
1564.55	-98.54121
1564.56	-99.98557
1564.57	-97.16139
1564.58	-99.08918
1564.59	-98.41999
1564.6	-96.13603
1564.61	-99.58413
1564.62	-100.60546
1564.63	-98.90266
1564.64	-101.3149
1564.65	-95.17334
1564.66	-96.51919
1564.67	-98.95372
1564.68	-96.94031
1564.69	-99.67406
1564.7	-99.54978
1564.71	-98.92177
1564.72	-101.91747
1564.73	-97.62668
1564.74	-96.29952
1564.75	-99.06322
1564.76	-97.7707
1564.77	-100.05069
1564.78	-96.81932
1564.79	-100.10168
1564.8	-96.05313
1564.81	-95.92121
1564.82	-97.02704
1564.83	-96.09448
1564.84	-96.7
1564.85	-98.24716
1564.86	-99.7089
1564.87	-99.8355
1564.88	-97.18747
1564.89	-100.73021
1564.9	-96.38006
1564.91	-100.16767
1564.92	-98.34805
1564.93	-102.1798
1564.94	-101.87884
1564.95	-102.93962
1564.96	-106.04663
1564.97	-102.90323
1564.98	-96.38958
1564.99	-99.57725
1565	-99.207
1565.01	-105.00252
1565.02	-97.95702
1565.03	-104.99097
1565.04	-102.45604
1565.05	-103.17158
1565.06	-104.07403
1565.07	-100
1565.08	-101.32331
1565.09	-100.1163
1565.1	-103.08979
1565.11	-99.71589
1565.12	-103.39389
1565.13	-98.9154
1565.14	-103.5609
1565.15	-103.7701
1565.16	-101.95898
1565.17	-115.18993
1565.18	-100.7538
1565.19	-106.73198
1565.2	-100.37626
1565.21	-97.75396
1565.22	-102.13167
1565.23	-98.31231
1565.24	-100.69103
1565.25	-103.1872
1565.26	-102.55334
1565.27	-114.62754
1565.28	-101.80564
1565.29	-104.50827
1565.3	-99.73688
1565.31	-103.06818
1565.32	-107.62244
1565.33	-100.02893
1565.34	-105.28579
1565.35	-109.7907
1565.36	-100.62095
1565.37	-111.97933
1565.38	-104.07403
1565.39	-105.0231
1565.4	-111.33563
1565.41	-106.77598
1565.42	-108.9805
1565.43	-102.91837
1565.44	-102.38639
1565.45	-109.15482
1565.46	-105.69605
1565.47	-101.63402
1565.48	-101.23963
1565.49	-110.37375
1565.5	-107.56015
1565.51	-99.9281
1565.52	-107.29026
1565.53	-117.72058
1565.54	-103.66157
1565.55	-102.70777
1565.56	-109.702
1565.57	-106.66018
1565.58	-105.01409
1565.59	-102.01435
1565.6	-100.43679
1565.61	-100.71452
1565.62	-100.86475
1565.63	-100.40647
1565.64	-99.30642
1565.65	-99.24664
1565.66	-101.59663
1565.67	-102.89718
1565.68	-109.764
1565.69	-103.60453
1565.7	-100.02893
1565.71	-104.70956
1565.72	-101.2563
1565.73	-101.81098
1565.74	-99.29976
1565.75	-106.15448
1565.76	-108.46802
1565.77	-104.00735
1565.78	-99.77901
1565.79	-97.91148
1565.8	-101.77813
1565.81	-102.33428
1565.82	-101.55335
1565.83	-101.01764
1565.84	-102.23939
1565.85	-102.62142
1565.86	-99.82135
1565.87	-101.43331
1565.88	-98.37795
1565.89	-99.84968
1565.9	-100.28625
1565.91	-101.8905
1565.92	-99.2136
1565.93	-102.82592
1565.94	-103.44634
1565.95	-96.71977
1565.96	-102.83292
1565.97	-99.55664
1565.98	-106.96065
1565.99	-103.92414
1566	-100.86475
1566.01	-102.12891
1566.02	-102.7206
1566.03	-98.32421
1566.04	-99.29976
1566.05	-96.7694
1566.06	-103.02409
1566.07	-97.97988
1566.08	-98.78887
1566.09	-98.74502
1566.1	-98.80144
1566.11	-98.82663
1566.12	-96.74952
1566.13	-96.41821
1566.14	-98.0028
1566.15	-100.53606
1566.16	-99.6117
1566.17	-100.71452
1566.18	-101.95356
1566.19	-98.54121
1566.2	-99.99278
1566.21	-98.36
1566.22	-96.92003
1566.23	-97.54465
1566.24	-99.25989
1566.25	-99.94961
1566.26	-100.21935
1566.27	-97.72058
1566.28	-98.73253
1566.29	-96.95556
1566.3	-96.45654
1566.31	-97.09396
1566.32	-98.01428
1566.33	-99.12175
1566.34	-99.94243
1566.35	-98.53511
1566.36	-102.85395
1566.37	-97.66522
1566.38	-100.55913
1566.39	-99.86389
1566.4	-100.00722
1566.41	-100.92077
1566.42	-98.0777
1566.43	-95.46395
1566.44	-99.57037
1566.45	-96.82433
1566.46	-101.787
1566.47	-99.54978
1566.48	-100.0725
1566.49	-99.13481
1566.5	-95.86272
1566.51	-96.67534
1566.52	-100.18241
1566.53	-100.01445
1566.54	-99.08918
1566.55	-98.92815
1566.56	-98.46827
1566.57	-99.38006
1566.58	-98.42601
1566.59	-97.8549
1566.6	-98.10088
1566.61	-97.5501
1566.62	-97.01168
1566.63	-97.90014
1566.64	-97.01168
1566.65	-100.57454
1566.66	-98.90903
1566.67	-98.77005
1566.68	-95.18578
1566.69	-96.83435
1566.7	-96.10831
1566.71	-97.3829
1566.72	-101.29812
1566.73	-97.4904
1566.74	-98.49859
1566.75	-96.55796
1566.76	-95.08679
1566.77	-96.08527
1566.78	-96.7694
1566.79	-95.50689
1566.8	-101.05017
1566.81	-97.82112
1566.82	-94.83618
1566.83	-94.96867
1566.84	-91.47521
1566.85	-90.06697
1566.86	-90.7314
1566.87	-94.07742
1566.88	-97.09913
1566.89	-100.16767
1566.9	-100.19717
1566.91	-97.93422
1566.92	-102.13998
1566.93	-96.40866
1566.94	-100.12362
1566.95	-94.92831
1566.96	-99.07619
1566.97	-99.71589
1566.98	-99.12175
1566.99	-99.13481
1567	-103.99704
1567.01	-99.59101
1567.02	-95.33219
1567.03	-100.90473
1567.04	-98.70138
1567.05	-97.55555
1567.06	-99.63936
1567.07	-98.31231
1567.08	-104.62676
1567.09	-98.54732
1567.1	-101.05017
1567.11	-100.07979
1567.12	-97.28728
1567.13	-104.51919
1567.14	-97.1666
1567.15	-98.96012
1567.16	-97.08879
1567.17	-96.88465
1567.18	-100.9288
1567.19	-96.60668
1567.2	-102.56206
1567.21	-96.32786
1567.22	-102.64488
1567.23	-95.62825
1567.24	-99.88524
1567.25	-97.09913
1567.26	-98.24716
1567.27	-97.05272
1567.28	-96.73959
1567.29	-98.93453
1567.3	-99.2136
1567.31	-101.3739
1567.32	-104.67981
1567.33	-107.47096
1567.34	-98.20008
1567.35	-100.96907
1567.36	-100.88872
1567.37	-100.58999
1567.38	-102.99244
1567.39	-101.66283
1567.4	-99.62552
1567.41	-101.22299
1567.42	-104.74814
1567.43	-100.961
1567.44	-101.1898
1567.45	-99.68798
1567.46	-100.76957
1567.47	-100.60546
1567.48	-103.76676
1567.49	-107.16416
1567.5	-98.97936
1567.51	-102.7592
1567.52	-99.53608
1567.53	-112.16482
1567.54	-100.18978
1567.55	-103.95141
1567.56	-104.13425
1567.57	-100.91274
1567.58	-104.00048
1567.59	-105.30971
1567.6	-105.46544
1567.61	-96.64094
1567.62	-105.84195
1567.63	-99.94243
1567.64	-107.79962
1567.65	-101.05832
1567.66	-102.96802
1567.67	-99.77197
1567.68	-104.16685
1567.69	-100.45199
1567.7	-103.13732
1567.71	-100.05069
1567.72	-100.73807
1567.73	-99.23341
1567.74	-99.77901
1567.75	-104.61938
1567.76	-108.66352
1567.77	-104.90927
1567.78	-100.66761
1567.79	-99.91379
1567.8	-100.6132
1567.81	-97.60473
1567.82	-104.38658
1567.83	-97.90581
1567.84	-100.94488
1567.85	-100.14562
1567.86	-99.69495
1567.87	-105.25797
1567.88	-98.53511
1567.89	-99.6117
1567.9	-100.85678
1567.91	-100.16767
1567.92	-102.56206
1567.93	-105.00252
1567.94	-107.33046
1567.95	-107.04311
1567.96	-99.42725
1567.97	-101.94542
1567.98	-104.03603
1567.99	-99.51557
1568	-102.06457
1568.01	-101.20638
1568.02	-104.92835
1568.03	-98.68896
1568.04	-100.97714
1568.05	-99.29976
1568.06	-100.7538
1568.07	-100.35367
1568.08	-98.97294
1568.09	-99.32645
1568.1	-103.12386
1568.11	-107.96422
1568.12	-99.48149
1568.13	-102.02528
1568.14	-101.60966
1568.15	-99.59101
1568.16	-106.02493
1568.17	-102.16311
1568.18	-105.8377
1568.19	-100.74593
1568.2	-106.96548
1568.21	-100.18241
1568.22	-107.59124
1568.23	-113.0135
1568.24	-102.23939
1568.25	-109.3666
1568.26	-105.08511
1568.27	-99.94961
1568.28	-109.34752
1568.29	-98.37795
1568.3	-103.77345
1568.31	-101.98072
1568.32	-100.76957
1568.33	-100.48247
1568.34	-105.21312
1568.35	-102.78403
1568.36	-104.00735
1568.37	-104.34957
1568.38	-102.33144
1568.39	-103.32586
1568.4	-102.49444
1568.41	-110.33806
1568.42	-101.13203
1568.43	-104.69467
1568.44	-99.26652
1568.45	-101.12381
1568.46	-99.77901
1568.47	-96.46134
1568.48	-101.83859
1568.49	-97.74282
1568.5	-101.01764
1568.51	-101.00142
1568.52	-98.03729
1568.53	-102.3513
1568.54	-97.88881
1568.55	-98.71383
1568.56	-101.65496
1568.57	-97.08363
1568.58	-99.51557
1568.59	-96.16848
1568.6	-97.03731
1568.61	-96.50469
1568.62	-99.38679
1568.63	-97.42574
1568.64	-100.47484
1568.65	-101.35701
1568.66	-100.78536
1568.67	-99.2798
1568.68	-99.57037
1568.69	-98.2177
1568.7	-99.89237
1568.71	-98.92177
1568.72	-102.43595
1568.73	-99.31977
1568.74	-105.21312
1568.75	-98.10668
1568.76	-100.21195
1568.77	-97.37756
1568.78	-101.05832
1568.79	-100.12362
1568.8	-99.13481
1568.81	-96.14066
1568.82	-96.97082
1568.83	-98.24716
1568.84	-98.8709
1568.85	-96.79932
1568.86	-98.27079
1568.87	-99.63244
1568.88	-98.97294
1568.89	-101.52749
1568.9	-100.0725
1568.91	-101.72425
1568.92	-96.46134
1568.93	-97.31373
1568.94	-98.18835
1568.95	-101.91747
1568.96	-97.53378
1568.97	-99.40025
1568.98	-98.9154
1568.99	-99.01796
1569	-95.5155
1569.01	-94.81231
1569.02	-98.09508
1569.03	-96.82433
1569.04	-99.38679
1569.05	-102.12337
1569.06	-103.36406
1569.07	-103.85184
1569.08	-100.62095
1569.09	-100.7538
1569.1	-106.43616
1569.11	-99.8995
1569.12	-97.74282
1569.13	-104.12032
1569.14	-101.12381
1569.15	-101.63925
1569.16	-99.75792
1569.17	-97.71503
1569.18	-101.4248
1569.19	-100.84086
1569.2	-99.49511
1569.21	-101.05832
1569.22	-98.26488
1569.23	-99.01796
1569.24	-105.11759
1569.25	-97.29785
1569.26	-92.85982
1569.27	-98.65179
1569.28	-99.57725
1569.29	-105.22102
1569.3	-97.19792
1569.31	-102.0007
1569.32	-103.48185
1569.33	-98.69517
1569.34	-96.83435
1569.35	-101.9617
1569.36	-97.66522
1569.37	-99.31977
1569.38	-101.1485
1569.39	-100.32364
1569.4	-98.47433
1569.41	-97.75954
1569.42	-100.25646
1569.43	-100.57454
1569.44	-100.82497
1569.45	-101.03389
1569.46	-100.16767
1569.47	-104.21598
1569.48	-105.07734
1569.49	-102.24219
1569.5	-99.59101
1569.51	-105.55668
1569.52	-110.16648
1569.53	-102.02254
1569.54	-96.55796
1569.55	-102.91837
1569.56	-99.72288
1569.57	-102.33144
1569.58	-98.92815
1569.59	-97.21886
1569.6	-98.09508
1569.61	-99.81427
1569.62	-96.58716
1569.63	-101.00142
1569.64	-103.03944
1569.65	-100.45199
1569.66	-100.34616
1569.67	-103.05175
1569.68	-97.00656
1569.69	-98.96012
1569.7	-105.26988
1569.71	-99.16099
1569.72	-99.207
1569.73	-97.74282
1569.74	-98.02577
1569.75	-97.92853
1569.76	-99.61861
1569.77	-101.03389
1569.78	-96.87961
1569.79	-99.03087
1569.8	-100.58999
1569.81	-98.13576
1569.82	-96.43257
1569.83	-99.06322
1569.84	-100.84086
1569.85	-99.20042
1569.86	-101.21468
1569.87	-97.92853
1569.88	-102.29093
1569.89	-98.66416
1569.9	-100.07979
1569.91	-100.90473
1569.92	-103.21957
1569.93	-98.69517
1569.94	-100.10168
1569.95	-99.1022
1569.96	-98.93453
1569.97	-101.15675
1569.98	-100.41404
1569.99	-101.9364
1570	-98.38394
1570.01	-100.67541
1570.02	-100.46722
1570.03	-99.42049
1570.04	-109.83764
1570.05	-104.29494
1570.06	-99.91379
1570.07	-99.57037
1570.08	-99.24002
1570.09	-99.65323
1570.1	-101.17326
1570.11	-111.82021
1570.12	-97.78188
1570.13	-101.741
1570.14	-98.54121
1570.15	-103.31316
1570.16	-100.36873
1570.17	-100.36873
1570.18	-100.82497
1570.19	-97.92285
1570.2	-105.11759
1570.21	-100.95294
1570.22	-100.07979
1570.23	-98.04881
1570.24	-99.33313
1570.25	-102.29093
1570.26	-102.98939
1570.27	-101.1485
1570.28	-101.19809
1570.29	-99.28645
1570.3	-99.2931
1570.31	-101.67946
1570.32	-101.05017
1570.33	-101.56199
1570.34	-96.77936
1570.35	-100.70668
1570.36	-101.05017
1570.37	-104.96025
1570.38	-103.94117
1570.39	-99.33313
1570.4	-102.55334
1570.41	-100.48247
1570.42	-99.10871
1570.43	-101.07465
1570.44	-100.27879
1570.45	-102.01708
1570.46	-98.72629
1570.47	-103.61109
1570.48	-96.68519
1570.49	-97.30844
1570.5	-97.75954
1570.51	-102.81393
1570.52	-102.42067
1570.53	-100.83291
1570.54	-97.62118
1570.55	-96.97592
1570.56	-98.41999
1570.57	-95.26495
1570.58	-99.57725
1570.59	-94.71747
1570.6	-101.08282
1570.61	-98.8963
1570.62	-102.05084
1570.63	-98.07191
1570.64	-101.5361
1570.65	-96.56282
1570.66	-96.13603
1570.67	-102.06457
1570.68	-101.24796
1570.69	-96.52402
1570.7	-100.73021
1570.71	-98.34805
1570.72	-98.49252
1570.73	-98.05458
1570.74	-98.51075
1570.75	-97.99706
1570.76	-99.20042
1570.77	-98.1183
1570.78	-97.97988
1570.79	-102.54172
1570.8	-96.47096
1570.81	-99.97837
1570.82	-100.29372
1570.83	-98.71383
1570.84	-101.51889
1570.85	-97.99133
1570.86	-97.30844
1570.87	-100.13095
1570.88	-97.64317
1570.89	-95.8448
1570.9	-97.29785
1570.91	-99.18068
1570.92	-95.78238
1570.93	-96.59203
1570.94	-98.49252
1570.95	-97.75954
1570.96	-101.87346
1570.97	-97.36156
1570.98	-102.17701
1570.99	-103.95141
1571	-97.66522
1571.01	-101.273
1571.02	-104.81701
1571.03	-104.95641
1571.04	-101.12381
1571.05	-106.54285
1571.06	-107.06425
1571.07	-105.54847
1571.08	-109.69539
1571.09	-109.99137
1571.1	-104.18787
1571.11	-109.2695
1571.12	-109.44335
1571.13	-100.4901
1571.14	-101.14026
1571.15	-109.7907
1571.16	-105.17373
1571.17	-97.64868
1571.18	-103.04559
1571.19	-105.94154
1571.2	-101.05832
1571.21	-103.14354
1571.22	-98.09508
1571.23	-100.18241
1571.24	-110.86153
1571.25	-109.15482
1571.26	-106.13543
1571.27	-103.94799
1571.28	-102.7592
1571.29	-102.81093
1571.3	-109.68217
1571.31	-100.15296
1571.32	-103.62862
1571.33	-105.72532
1571.34	-101.9617
1571.35	-105.66689
1571.36	-103.79689
1571.37	-98.81403
1571.38	-101.77813
1571.39	-96.97592
1571.4	-96.5434
1571.41	-96.62624
1571.42	-95.63262
1571.43	-99.64629
1571.44	-98.28263
1571.45	-99.2798
1571.46	-97.93422
1571.47	-96.6655
1571.48	-98.25306
1571.49	-97.94561
1571.5	-97.73169
1571.51	-97.26617
1571.52	-96.67534
1571.53	-100.46722
1571.54	-96.46615
1571.55	-103.1747
1571.56	-96.32786
1571.57	-106.02493
1571.58	-97.90581
1571.59	-103.12076
1571.6	-100.85678
1571.61	-97.27144
1571.62	-96.88465
1571.63	-98.46222
1571.64	-97.37756
1571.65	-104.87883
1571.66	-98.7076
1571.67	-96.33733
1571.68	-98.87724
1571.69	-98.4441
1571.7	-98.57179
1571.71	-96.58716
1571.72	-97.7707
1571.73	-97.47959
1571.74	-95.79127
1571.75	-98.08349
1571.76	-98.67655
1571.77	-98.82663
1571.78	-97.52291
1571.79	-97.51206
1571.8	-97.6597
1571.81	-98.63943
1571.82	-99.64629
1571.83	-102.55915
1571.84	-96.84439
1571.85	-99.86389
1571.86	-99.41374
1571.87	-101.10739
1571.88	-96.26657
1571.89	-96.85444
1571.9	-100.76168
1571.91	-98.06036
1571.92	-104.41534
1571.93	-98.49859
1571.94	-99.54978
1571.95	-99.77197
1571.96	-96.28539
1571.97	-101.86809
1571.98	-98.35402
1571.99	-102.45029
1572	-95.7735
1572.01	-102.40923
1572.02	-95.70717
1572.03	-96.04855
1572.04	-99.40025
1572.05	-99.80721
1572.06	-97.34559
1572.07	-101.46744
1572.08	-97.95131
1572.09	-97.79868
1572.1	-98.52292
1572.11	-98.57792
1572.12	-98.87724
1572.13	-97.39894
1572.14	-98.57792
1572.15	-102.44168
1572.16	-99.05026
1572.17	-100.53606
1572.18	-101.2313
1572.19	-99.27316
1572.2	-98.06036
1572.21	-97.62668
1572.22	-97.31903
1572.23	-98.10088
1572.24	-100.76168
1572.25	-97.2609
1572.26	-99.03087
1572.27	-98.94092
1572.28	-101.66283
1572.29	-103.28677
1572.3	-99.41374
1572.31	-97.63217
1572.32	-96.49986
1572.33	-99.7509
1572.34	-99.87812
1572.35	-98.53511
1572.36	-95.48539
1572.37	-97.47959
1572.38	-96.8998
1572.39	-100
1572.4	-101.81899
1572.41	-100.29372
1572.42	-104.78939
1572.43	-95.51119
1572.44	-99.6048
1572.45	-99.74389
1572.46	-106.31581
1572.47	-100.33114
1572.48	-100.4292
1572.49	-98.18249
1572.5	-100.58226
1572.51	-103.89017
1572.52	-97.37222
1572.53	-99.03087
1572.54	-100.82497
1572.55	-106.4029
1572.56	-97.39359
1572.57	-96.84941
1572.58	-100.70668
1572.59	-97.1043
1572.6	-99.94961
1572.61	-99.09569
1572.62	-98.51075
1572.63	-96.99123
1572.64	-93.68133
1572.65	-100.55913
1572.66	-96.08987
1572.67	-101.10739
1572.68	-96.36104
1572.69	-101.85735
1572.7	-95.26077
1572.71	-99.44755
1572.72	-94.88012
1572.73	-99.13481
1572.74	-97.81551
1572.75	-97.82112
1572.76	-95.3872
1572.77	-98.46222
1572.78	-101.58796
1572.79	-96.99123
1572.8	-97.78188
1572.81	-96.99633
1572.82	-95.92573
1572.83	-96.20106
1572.84	-97.6597
1572.85	-95.68518
1572.86	-100.45199
1572.87	-97.18747
1572.88	-98.49859
1572.89	-98.74502
1572.9	-95.77794
1572.91	-97.45801
1572.92	-96.58716
1572.93	-93.9794
1572.94	-96.12216
1572.95	-96.71482
1572.96	-102.35414
1572.97	-94.57712
1572.98	-95.88967
1572.99	-96.27127
1573	-96.63604
1573.01	-95.37024
1573.02	-98.90903
1573.03	-95.97555
1573.04	-98.95372
1573.05	-95.41271
1573.06	-96.13603
1573.07	-96.41821
1573.08	-99.5224
1573.09	-96.28539
1573.1	-95.28591
1573.11	-96.07608
1573.12	-95.6501
1573.13	-95.08679
1573.14	-93.58765
1573.15	-96.36104
1573.16	-97.25563
1573.17	-97.20838
1573.18	-97.40965
1573.19	-96.07148
1573.2	-94.90418
1573.21	-97.83799
1573.22	-96.47577
1573.23	-95.3872
1573.24	-95.80462
1573.25	-94.47715
1573.26	-97.82674
1573.27	-98.00853
1573.28	-95.34063
1573.29	-95.57603
1573.3	-94.82026
1573.31	-97.41501
1573.32	-97.80989
1573.33	-100.52071
1573.34	-97.12502
1573.35	-96.34206
1573.36	-97.94561
1573.37	-95.42123
1573.38	-99.4747
1573.39	-96.2478
1573.4	-97.10947
1573.41	-96.18708
1573.42	-96.86953
1573.43	-95.84033
1573.44	-97.43649
1573.45	-94.27685
1573.46	-96.23843
1573.47	-96.60668
1573.48	-98.18249
1573.49	-94.79246
1573.5	-94.82026
1573.51	-96.08067
1573.52	-95.01735
1573.53	-93.15023
1573.54	-100.35367
1573.55	-96.83435
1573.56	-93.49497
1573.57	-95.28591
1573.58	-97.02704
1573.59	-95.63262
1573.6	-95.72481
1573.61	-97.94561
1573.62	-95.44684
1573.63	-95.70717
1573.64	-97.73169
1573.65	-94.76871
1573.66	-95.24822
1573.67	-95.34063
1573.68	-97.72058
1573.69	-94.69
1573.7	-95.32375
1573.71	-96.29952
1573.72	-95.01329
1573.73	-95.66762
1573.74	-97.43649
1573.75	-97.53378
1573.76	-97.63217
1573.77	-97.07847
1573.78	-96.81932
1573.79	-99.38006
1573.8	-95.45111
1573.81	-94.42759
1573.82	-95.49399
1573.83	-95.4811
1573.84	-95.33641
1573.85	-94.42759
1573.86	-95.80908
1573.87	-94.96463
1573.88	-100.57454
1573.89	-95.61953
1573.9	-93.92183
1573.91	-95.6501
1573.92	-96.24312
1573.93	-97.20838
1573.94	-97.2609
1573.95	-98.31826
1573.96	-96.13603
1573.97	-95.1692
1573.98	-95.61953
1573.99	-95.88967
1574	-96.56768
1574.01	-98.06036
1574.02	-97.61021
1574.03	-98.11249
1574.04	-95.18993
1574.05	-95.5155
1574.06	-96.52886
1574.07	-95.19823
1574.08	-96.14529
1574.09	-97.12502
1574.1	-96.9251
1574.11	-94.91222
1574.12	-97.02704
1574.13	-95.92121
1574.14	-95.11143
1574.15	-95.89867
1574.16	-97.61021
1574.17	-95.90768
1574.18	-95.33641
1574.19	-97.37222
1574.2	-94.69784
1574.21	-95.89867
1574.22	-94.09936
1574.23	-97.22935
1574.24	-94.49245
1574.25	-95.32375
1574.26	-93.82908
1574.27	-94.4695
1574.28	-101.01764
1574.29	-97.41501
1574.3	-96.15456
1574.31	-99.31977
1574.32	-95.1279
1574.33	-97.1302
1574.34	-95.21903
1574.35	-97.36156
1574.36	-96.90991
1574.37	-98.02002
1574.38	-96.62135
1574.39	-96.87457
1574.4	-98.22947
1574.41	-96.15456
1574.42	-98.65179
1574.43	-96.55796
1574.44	-95.30271
1574.45	-94.15075
1574.46	-97.14059
1574.47	-95.54139
1574.48	-97.21362
1574.49	-98.38394
1574.5	-95.61953
1574.51	-95.0418
1574.52	-98.54732
1574.53	-98.88359
1574.54	-97.561
1574.55	-95.8448
1574.56	-98.32421
1574.57	-96.3753
1574.58	-94.00833
1574.59	-95.65448
1574.6	-99.06322
1574.61	-97.68732
1574.62	-95.82246
1574.63	-99.48149
1574.64	-96.423
1574.65	-98.33612
1574.66	-95.02957
1574.67	-97.73725
1574.68	-95.85376
1574.69	-99.71589
1574.7	-96.81432
1574.71	-99.90664
1574.72	-96.73959
1574.73	-97.72613
1574.74	-97.49581
1574.75	-95.81353
1574.76	-94.95654
1574.77	-98.15909
1574.78	-97.5501
1574.79	-96.73463
1574.8	-95.01329
1574.81	-96.84439
1574.82	-100.48247
1574.83	-99.57725
1574.84	-95.62389
1574.85	-96.65076
1574.86	-95.49829
1574.87	-97.44186
1574.88	-96.71482
1574.89	-95.31112
1574.9	-96.40866
1574.91	-98.38394
1574.92	-98.32421
1574.93	-101.28974
1574.94	-101.0992
1574.95	-94.83618
1574.96	-100.80118
1574.97	-97.18747
1574.98	-97.59925
1574.99	-95.89867
1575	-95.97101