Avg min-entropy: 0.9836
Worst min-entropy: 0.4840

Top biased qubits (by bias_est):
 qubit  bias_est  readout_err  p_meas0_prep1  p_meas1_prep0
    67  0.430000     0.268333       0.483333       0.053333
    63  0.140000     0.076667       0.146667       0.006667
    53  0.111000     0.097100       0.152600       0.041600
    34  0.098800     0.093200       0.043800       0.142600
     5  0.090600     0.128500       0.083200       0.173800
    56  0.033333     0.033333       0.050000       0.016667
    40  0.030800     0.043600       0.028200       0.059000
    88  0.028200     0.019100       0.033200       0.005000
    15  0.025800     0.082300       0.069400       0.095200
    52  0.023200     0.045000       0.056600       0.033400

Top cross-talk risk qubits (heuristic):
 qubit  crosstalk_risk  ecr_avg_error_to_neighbors  readout_err_neighbor_dispersion
    67        1.044878                    1.000000                         0.123524
    63        0.660372                    1.000000                         0.031831
    56        0.538041                    1.000000                         0.008828
    52        0.273296                    0.509440                         0.012915
    57        0.260104                    0.507751                         0.009561
    68        0.226934                    0.338774                         0.112925
    66        0.226736                    0.337936                         0.112293
    62        0.189200                    0.338554                         0.038488
    64        0.184867                    0.338096                         0.029140
    71        0.053683                    0.007311                         0.099329